74.337	0.255333	0.024375	9.54638	954	195
81.933	1.70205	0.024375	1.4321	1622	195
89.438	1.98109	0.141875	7.16143	7806	1135
96.678	1.98187	0.186627	9.4167	6778	1493
97.906	1.98187	0.186627	9.4167	6778	1493
101.107	1.98187	0.186627	9.4167	6778	1493
104.495	1.98187	0.186627	9.4167	6778	1493
107.887	1.98187	0.186627	9.4167	6778	1493
111.425	1.98187	0.186627	9.4167	6778	1493
115.018	1.98187	0.186627	9.4167	6778	1493
118.469	1.98187	0.186627	9.4167	6778	1493
122.009	1.98187	0.186627	9.4167	6778	1493
125.164	1.98187	0.186627	9.4167	6778	1493
128.747	1.98187	0.186627	9.4167	6778	1493
131.247	1.98187	0.186627	9.4167	6778	1493
133.436	1.98187	0.186627	9.4167	6778	1493
135.475	1.98187	0.186627	9.4167	6778	1493
140.155	1.98187	0.186627	9.4167	6778	1493
147.549	1.98187	0.186627	9.4167	6778	1493
156.043	1.98187	0.186627	9.4167	6778	1493
170.306	1.98187	0.186627	9.4167	6778	1493
185.348	1.98187	0.186627	9.4167	6778	1493
200.793	1.98187	0.186627	9.4167	6778	1493
217.029	1.98187	0.186627	9.4167	6778	1493
220.851	1.98187	0.186627	9.4167	6778	1493
224.21	1.98187	0.186627	9.4167	6778	1493
225.915	1.98187	0.186627	9.4167	6778	1493
232.006	1.98187	0.186627	9.4167	6778	1493
237.736	1.98187	0.186627	9.4167	6778	1493
243.757	1.98187	0.186627	9.4167	6778	1493
249.913	1.98187	0.186627	9.4167	6778	1493
256.532	1.98187	0.186627	9.4167	6778	1493
263.267	1.98187	0.186627	9.4167	6778	1493
270.095	1.98187	0.186627	9.4167	6778	1493
277.449	1.98187	0.186627	9.4167	6778	1493
286.831	1.98187	0.186627	9.4167	6778	1493
294.426	1.98187	0.186627	9.4167	6778	1493
302.369	1.98187	0.186627	9.4167	6778	1493
310.329	1.98187	0.186627	9.4167	6778	1493
317.768	1.98187	0.186627	9.4167	6778	1493
326.125	1.98187	0.186627	9.4167	6778	1493
327.238	1.98187	0.186627	9.4167	6778	1493
328.405	1.98187	0.186627	9.4167	6778	1493
329.658	1.98187	0.186627	9.4167	6778	1493
330.763	1.98187	0.186627	9.4167	6778	1493
331.869	1.98187	0.186627	9.4167	6778	1493
333.029	1.98187	0.186627	9.4167	6778	1493
334.13	1.98187	0.186627	9.4167	6778	1493
335.385	1.98187	0.186627	9.4167	6778	1493
336.599	1.98187	0.186627	9.4167	6778	1493
337.812	1.98187	0.186627	9.4167	6778	1493
339.063	1.98187	0.186627	9.4167	6778	1493
340.458	1.98187	0.186627	9.4167	6778	1493
341.948	1.98187	0.186627	9.4167	6778	1493
343.164	1.98187	0.186627	9.4167	6778	1493
344.377	1.98187	0.186627	9.4167	6778	1493
345.541	1.98187	0.186627	9.4167	6778	1493
346.706	1.98187	0.186627	9.4167	6778	1493
348.002	1.98187	0.186627	9.4167	6778	1493
349.133	1.98187	0.186627	9.4167	6778	1493
350.254	1.98187	0.186627	9.4167	6778	1493
351.463	1.98187	0.186627	9.4167	6778	1493
352.57	1.98187	0.186627	9.4167	6778	1493
353.663	1.98187	0.186627	9.4167	6778	1493
354.851	1.98187	0.186627	9.4167	6778	1493
356.766	1.98187	0.186627	9.4167	6778	1493
360.155	1.98187	0.186627	9.4167	6778	1493
361.91	1.98187	0.186627	9.4167	6778	1493
365.362	1.98187	0.186627	9.4167	6778	1493
375.509	1.98187	0.188002	9.48609	6443	1504
385.803	1.98187	0.188002	9.48609	4013	1504
396.336	1.98193	0.188002	9.48579	5447	1504
404.949	1.98193	0.188002	9.48579	5664	1504
410.6	1.98193	0.188002	9.48579	4810	1504
417.541	1.98196	0.188002	9.48563	4642	1504
424.304	1.98196	0.188002	9.48563	4117	1504
430.71	1.98196	0.188002	9.48563	4117	1504
436.395	1.98196	0.188002	9.48563	4117	1504
443.105	1.98197	0.188002	9.48558	4397	1504
447.273	1.98197	0.188002	9.48558	4397	1504
451.23	1.98197	0.188002	9.48558	4397	1504
458.872	1.98197	0.188002	9.48558	4397	1504
466.036	1.98197	0.188002	9.48558	4397	1504
472.575	1.98197	0.188002	9.48558	4397	1504
483.313	1.98197	0.188002	9.48558	4397	1504
491.233	1.98197	0.188002	9.48558	4397	1504
499.13	1.98197	0.188002	9.48558	4397	1504
502.686	1.98197	0.188002	9.48558	4397	1504
507.034	1.98197	0.188002	9.48558	4397	1504
511.175	1.98197	0.188002	9.48558	4397	1504
514.383	1.98197	0.188002	9.48558	4397	1504
516.923	1.98197	0.188002	9.48558	4397	1504
532.53	1.98197	0.188002	9.48558	4397	1504
545.046	1.98197	0.188002	9.48558	4397	1504
557.753	1.98197	0.188002	9.48558	4397	1504
570.221	1.98197	0.188002	9.48558	4397	1504
574.291	1.98197	0.188002	9.48558	4397	1504
577.873	1.98197	0.188002	9.48558	4397	1504
585.47	1.98197	0.188002	9.48558	4761	1504
593.28	1.98197	0.188002	9.48558	5174	1504
600.595	1.98198	0.188002	9.48557	5181	1504
610.943	1.98198	0.188002	9.48557	6259	1504
619.875	1.98198	0.188002	9.48557	5685	1504
626.529	1.98198	0.188002	9.48557	4138	1504
632.612	1.98198	0.188002	9.48557	4145	1504
638.789	1.98198	0.188002	9.48557	4145	1504
644.72	1.98198	0.188002	9.48557	4145	1504
653.188	1.98198	0.188002	9.48557	4145	1504
664.051	1.98198	0.188002	9.48557	4145	1504
667.401	1.98198	0.188002	9.48557	4145	1504
674.411	1.98198	0.188002	9.48557	4145	1504
683.908	1.98198	0.188002	9.48557	4145	1504
685.535	1.98198	0.188002	9.48557	4145	1504
687.171	1.98198	0.188002	9.48557	4145	1504
688.764	1.98198	0.188002	9.48557	4145	1504
690.37	1.98198	0.188002	9.48557	4145	1504
692.103	1.98198	0.188002	9.48557	4145	1504
693.737	1.98198	0.188002	9.48557	4145	1504
695.358	1.98198	0.188002	9.48557	4145	1504
697.088	1.98198	0.188002	9.48557	4145	1504
698.694	1.98198	0.188002	9.48557	4145	1504
700.401	1.98198	0.188002	9.48557	4145	1504
702.138	1.98198	0.188002	9.48557	4145	1504
703.774	1.98198	0.188002	9.48557	4145	1504
705.399	1.98198	0.188002	9.48557	4145	1504
706.949	1.98198	0.188002	9.48557	4145	1504
708.536	1.98198	0.188002	9.48557	4145	1504
710.151	1.98198	0.188002	9.48557	4145	1504
711.754	1.98198	0.188002	9.48557	4145	1504
713.345	1.98198	0.188002	9.48557	4145	1504
714.953	1.98198	0.188002	9.48557	4145	1504
716.547	1.98198	0.188002	9.48557	4145	1504
718.182	1.98198	0.188002	9.48557	4145	1504
719.819	1.98198	0.188002	9.48557	4145	1504
721.403	1.98198	0.188002	9.48557	4145	1504
722.995	1.98198	0.188002	9.48557	4145	1504
724.645	1.98198	0.188002	9.48557	4145	1504
726.3	1.98198	0.188002	9.48557	4145	1504
727.887	1.98198	0.188002	9.48557	4145	1504
729.626	1.98198	0.188002	9.48557	4145	1504
731.198	1.98198	0.188002	9.48557	4145	1504
732.948	1.98198	0.188002	9.48557	4145	1504
734.563	1.98198	0.188002	9.48557	4145	1504
736.196	1.98198	0.188002	9.48557	4145	1504
738.004	1.98198	0.188002	9.48557	4145	1504
739.893	1.98198	0.188002	9.48557	4145	1504
741.788	1.98198	0.188002	9.48557	4145	1504
743.637	1.98198	0.188002	9.48557	4145	1504
745.316	1.98198	0.188002	9.48557	4145	1504
747.038	1.98198	0.188002	9.48557	4145	1504
748.661	1.98198	0.188002	9.48557	4145	1504
750.249	1.98198	0.188002	9.48557	4145	1504
751.931	1.98198	0.188002	9.48557	4145	1504
753.643	1.98198	0.188002	9.48557	4145	1504
755.334	1.98198	0.188002	9.48557	4145	1504
756.975	1.98198	0.188002	9.48557	4145	1504
758.647	1.98198	0.188002	9.48557	4145	1504
760.339	1.98198	0.188002	9.48557	4145	1504
762.006	1.98198	0.188002	9.48557	4145	1504
763.718	1.98198	0.188002	9.48557	4145	1504
765.454	1.98198	0.188002	9.48557	4145	1504
773.784	1.98198	0.188002	9.48557	4145	1504
780.331	1.98198	0.188002	9.48557	4145	1504
789.258	1.98198	0.188002	9.48557	4145	1504
809.354	1.98198	0.188002	9.48557	4145	1504
830.603	1.98198	0.188002	9.48557	4145	1504
841.674	1.98198	0.188002	9.48557	4145	1504
858.326	1.98198	0.188002	9.48557	4145	1504
875.005	1.98198	0.188002	9.48557	4145	1504
887.914	1.98198	0.188002	9.48557	4145	1504
892.565	1.98198	0.188002	9.48557	4145	1504
897.231	1.98198	0.188002	9.48557	4145	1504
901.655	1.98198	0.188002	9.48557	4145	1504
909.557	1.98198	0.188002	9.48557	5006	1504
919.025	1.982	0.188002	9.48547	6427	1504
928.928	1.982	0.188002	9.48547	6112	1504
938.064	1.982	0.188002	9.48547	6126	1504
947.153	1.982	0.188002	9.48547	6469	1504
956.361	1.982	0.188002	9.48547	6462	1504
965.629	1.982	0.188002	9.48547	6560	1504
975.274	1.982	0.188002	9.48547	6427	1504
984.939	1.982	0.188002	9.48547	6119	1504
995.324	1.982	0.188002	9.48546	6427	1504
1005.2	1.982	0.188002	9.48546	6455	1504
1014.89	1.982	0.188002	9.48546	6427	1504
1025.09	1.982	0.188002	9.48546	6140	1504
1034.53	1.982	0.188002	9.48546	6133	1504
1044.61	1.982	0.188002	9.48546	6497	1504
1053.92	1.982	0.188002	9.48545	6581	1504
1063.14	1.982	0.188002	9.48545	6133	1504
1074.3	1.982	0.188002	9.48545	6126	1504
1084.71	1.982	0.188002	9.48545	6441	1504
1095.58	1.982	0.188002	9.48545	6161	1504
1106.4	1.982	0.188002	9.48545	6147	1504
1117.63	1.98201	0.188002	9.48543	6259	1504
1127.21	1.98201	0.188002	9.48543	6273	1504
1134.83	1.98201	0.188002	9.48543	5419	1504
1142.93	1.98201	0.188002	9.48543	4859	1504
1151.13	1.98201	0.188002	9.48543	4992	1504
1159.76	1.98201	0.188002	9.48543	4796	1504
1171.67	1.98201	0.188002	9.48543	4124	1504
1177.54	1.98201	0.188002	9.48543	4124	1504
1182.98	1.98201	0.188002	9.48543	4124	1504
1187.13	1.98201	0.188002	9.48543	4124	1504
1188.41	1.98201	0.188002	9.48543	4124	1504
1189.75	1.98201	0.188002	9.48543	4124	1504
1191.05	1.98201	0.188002	9.48543	4124	1504
1192.32	1.98201	0.188002	9.48543	4124	1504
1193.61	1.98201	0.188002	9.48543	4124	1504
1194.83	1.98201	0.188002	9.48543	4124	1504
1196.14	1.98201	0.188002	9.48543	4124	1504
1197.35	1.98201	0.188002	9.48543	4124	1504
1198.63	1.98201	0.188002	9.48543	4124	1504
1199.81	1.98201	0.188002	9.48543	4124	1504
1201.01	1.98201	0.188002	9.48543	4124	1504
1206.18	1.98201	0.188002	9.48543	4124	1504
1207.41	1.98201	0.188002	9.48543	4124	1504
1208.68	1.98201	0.188002	9.48543	4124	1504
1210.24	1.98201	0.188002	9.48543	4124	1504
1211.74	1.98201	0.188002	9.48543	4124	1504
1213.28	1.98201	0.188002	9.48543	4124	1504
1214.81	1.98201	0.188002	9.48543	4124	1504
1216.32	1.98201	0.188002	9.48543	4124	1504
1217.88	1.98201	0.188002	9.48543	4124	1504
1219.37	1.98201	0.188002	9.48543	4124	1504
1221.02	1.98201	0.188002	9.48543	4124	1504
1222.71	1.98201	0.188002	9.48543	4124	1504
1224.27	1.98201	0.188002	9.48543	4124	1504
1225.8	1.98201	0.188002	9.48543	4124	1504
1227.36	1.98201	0.188002	9.48543	4124	1504
1228.88	1.98201	0.188002	9.48543	4124	1504
1230.43	1.98201	0.188002	9.48543	4124	1504
1231.85	1.98201	0.188002	9.48543	4124	1504
1233.28	1.98201	0.188002	9.48543	4124	1504
1234.84	1.98201	0.188002	9.48543	4124	1504
1236.62	1.98201	0.188002	9.48543	4124	1504
1240.46	1.98201	0.188002	9.48543	4124	1504
1245.28	1.98201	0.188002	9.48543	4124	1504
1251.77	1.98201	0.188002	9.48543	4124	1504
1255.04	1.98201	0.188002	9.48543	4124	1504
1265.53	1.98204	0.188002	9.48525	6147	1504
1275.71	1.98204	0.188002	9.48525	6896	1504
1281.01	1.98204	0.188002	9.48525	4866	1504
1285.58	1.98204	0.188002	9.48525	4866	1504
1289.88	1.98204	0.188002	9.48525	4866	1504
1293.92	1.98204	0.188002	9.48525	4866	1504
1301	1.98204	0.188002	9.48525	4866	1504
1308.92	1.98204	0.188002	9.48525	4866	1504
1316.13	1.98204	0.188002	9.48525	4866	1504
1323.35	1.98204	0.188002	9.48525	4866	1504
1333.23	1.98204	0.188002	9.48525	5594	1504
1342.4	1.98204	0.188002	9.48525	5671	1504
1349.49	1.98204	0.188002	9.48525	5447	1504
1356.15	1.98204	0.188002	9.48525	4572	1504
1360.63	1.98204	0.188002	9.48525	4572	1504
1363.71	1.98204	0.188002	9.48525	4572	1504
1365.9	1.98204	0.188002	9.48525	4572	1504
1367.26	1.98204	0.188002	9.48525	4572	1504
1368.7	1.98204	0.188002	9.48525	4572	1504
1370.17	1.98204	0.188002	9.48525	4572	1504
1371.59	1.98204	0.188002	9.48525	4572	1504
1372.98	1.98204	0.188002	9.48525	4572	1504
1374.25	1.98204	0.188002	9.48525	4572	1504
1375.56	1.98204	0.188002	9.48525	4572	1504
1376.92	1.98204	0.188002	9.48525	4572	1504
1378.35	1.98204	0.188002	9.48525	4572	1504
1379.8	1.98204	0.188002	9.48525	4572	1504
1381.21	1.98204	0.188002	9.48525	4572	1504
1386.76	1.98204	0.188002	9.48525	4572	1504
1388.2	1.98204	0.188002	9.48525	4572	1504
1389.66	1.98204	0.188002	9.48525	4572	1504
1391.16	1.98204	0.188002	9.48525	4572	1504
1392.72	1.98204	0.188002	9.48525	4572	1504
1394.2	1.98204	0.188002	9.48525	4572	1504
1395.75	1.98204	0.188002	9.48525	4572	1504
1397.23	1.98204	0.188002	9.48525	4572	1504
1398.81	1.98204	0.188002	9.48525	4572	1504
1400.32	1.98204	0.188002	9.48525	4572	1504
1401.89	1.98204	0.188002	9.48525	4572	1504
1403.67	1.98204	0.188002	9.48525	4572	1504
1405.14	1.98204	0.188002	9.48525	4572	1504
1406.72	1.98204	0.188002	9.48525	4572	1504
1408.24	1.98204	0.188002	9.48525	4572	1504
1409.72	1.98204	0.188002	9.48525	4572	1504
1411.21	1.98204	0.188002	9.48525	4572	1504
1412.63	1.98204	0.188002	9.48525	4572	1504
1414.12	1.98204	0.188002	9.48525	4572	1504
1415.52	1.98204	0.188002	9.48525	4572	1504
1416.9	1.98204	0.188002	9.48525	4572	1504
1418.29	1.98204	0.188002	9.48525	4572	1504
1419.67	1.98204	0.188002	9.48525	4572	1504
1421.24	1.98204	0.188002	9.48525	4572	1504
1422.78	1.98204	0.188002	9.48525	4572	1504
1424.39	1.98204	0.188002	9.48525	4572	1504
1426.06	1.98204	0.188002	9.48525	4572	1504
1427.62	1.98204	0.188002	9.48525	4572	1504
1429.1	1.98204	0.188002	9.48525	4572	1504
1430.54	1.98204	0.188002	9.48525	4572	1504
1432.02	1.98204	0.188002	9.48525	4572	1504
1433.42	1.98204	0.188002	9.48525	4572	1504
1434.83	1.98204	0.188002	9.48525	4572	1504
1436.33	1.98204	0.188002	9.48525	4572	1504
1437.81	1.98204	0.188002	9.48525	4572	1504
1439.33	1.98204	0.188002	9.48525	4572	1504
1440.78	1.98204	0.188002	9.48525	4572	1504
1442.33	1.98204	0.188002	9.48525	4572	1504
1443.87	1.98204	0.188002	9.48525	4572	1504
1445.49	1.98204	0.188002	9.48525	4572	1504
1447.09	1.98204	0.188002	9.48525	4572	1504
1448.77	1.98204	0.188002	9.48525	4572	1504
1450.37	1.98204	0.188002	9.48525	4572	1504
1452.03	1.98204	0.188002	9.48525	4572	1504
1453.68	1.98204	0.188002	9.48525	4572	1504
1455.24	1.98204	0.188002	9.48525	4572	1504
1456.81	1.98204	0.188002	9.48525	4572	1504
1458.36	1.98204	0.188002	9.48525	4572	1504
1459.78	1.98204	0.188002	9.48525	4572	1504
1461.26	1.98204	0.188002	9.48525	4572	1504
1462.7	1.98204	0.188002	9.48525	4572	1504
1464.23	1.98204	0.188002	9.48525	4572	1504
1465.73	1.98204	0.188002	9.48525	4572	1504
1467.25	1.98204	0.188002	9.48525	4572	1504
1468.83	1.98204	0.188002	9.48525	4572	1504
1470.5	1.98204	0.188002	9.48525	4572	1504
1472.02	1.98204	0.188002	9.48525	4572	1504
1473.54	1.98204	0.188002	9.48525	4572	1504
1475.04	1.98204	0.188002	9.48525	4572	1504
1476.54	1.98204	0.188002	9.48525	4572	1504
1478.09	1.98204	0.188002	9.48525	4572	1504
1479.63	1.98204	0.188002	9.48525	4572	1504
1481.22	1.98204	0.188002	9.48525	4572	1504
1482.67	1.98204	0.188002	9.48525	4572	1504
1484.12	1.98204	0.188002	9.48525	4572	1504
1485.66	1.98204	0.188002	9.48525	4572	1504
1487.15	1.98204	0.188002	9.48525	4572	1504
1488.69	1.98204	0.188002	9.48525	4572	1504
1489.98	1.98204	0.188002	9.48525	4572	1504
