21.887	0.139752	0.015625	11.1805	640	125
26.316	0.139752	0.015625	11.1805	780	125
30.803	0.139912	0.015625	11.1678	902	125
35.593	0.139935	0.015625	11.1659	1022	125
40.536	0.140009	0.015625	11.16	982	125
45.406	0.140009	0.015625	11.16	982	125
50.452	0.140029	0.015625	11.1584	982	125
55.468	0.140029	0.015625	11.1584	982	125
60.466	0.140077	0.015625	11.1546	982	125
65.463	0.140077	0.015625	11.1546	982	125
69.033	0.140077	0.015625	11.1546	989	125
74.303	0.140077	0.015625	11.1546	1041	125
81.912	0.140136	0.015625	11.1499	1044	125
89.411	0.140159	0.01575	11.2372	1100	126
96.66	0.140177	0.01575	11.2358	1128	126
97.887	0.140177	0.01575	11.2358	1128	126
101.084	0.140177	0.01575	11.2358	1128	126
104.477	0.140177	0.01575	11.2358	1128	126
107.864	0.140177	0.01575	11.2358	1128	126
111.402	0.140177	0.01575	11.2358	1128	126
114.995	0.140177	0.01575	11.2358	1128	126
118.446	0.140177	0.01575	11.2358	1128	126
121.99	0.140177	0.01575	11.2358	1128	126
125.148	0.140177	0.01575	11.2358	1128	126
128.725	0.140177	0.01575	11.2358	1128	126
131.229	0.140177	0.01575	11.2358	1128	126
133.416	0.140177	0.01575	11.2358	1128	126
135.451	0.140177	0.01575	11.2358	1128	126
140.137	0.140177	0.01575	11.2358	1128	126
147.531	0.140177	0.01575	11.2358	1128	126
156.029	0.140177	0.01575	11.2358	1128	126
170.292	0.140177	0.01575	11.2358	1128	126
185.328	0.140177	0.01575	11.2358	1128	126
200.783	0.140177	0.01575	11.2358	1128	126
217.011	0.140177	0.01575	11.2358	1128	126
220.832	0.140177	0.01575	11.2358	1128	126
224.193	0.140177	0.01575	11.2358	1128	126
225.9	0.140177	0.01575	11.2358	1128	126
231.989	0.140177	0.01575	11.2358	1128	126
237.719	0.140177	0.01575	11.2358	1128	126
243.736	0.140177	0.01575	11.2358	1128	126
249.896	0.140177	0.01575	11.2358	1128	126
256.517	0.140177	0.01575	11.2358	1128	126
263.25	0.140177	0.01575	11.2358	1128	126
270.081	0.140177	0.01575	11.2358	1128	126
277.433	0.140177	0.01575	11.2358	1128	126
286.816	0.140177	0.01575	11.2358	1128	126
294.402	0.140177	0.01575	11.2358	1128	126
302.351	0.140177	0.01575	11.2358	1128	126
310.311	0.140177	0.01575	11.2358	1128	126
317.751	0.140177	0.01575	11.2358	1128	126
326.112	0.140177	0.01575	11.2358	1128	126
327.223	0.140177	0.01575	11.2358	1128	126
328.386	0.140177	0.01575	11.2358	1128	126
329.638	0.140177	0.01575	11.2358	1128	126
330.749	0.140177	0.01575	11.2358	1128	126
331.852	0.140177	0.01575	11.2358	1128	126
333.011	0.140177	0.01575	11.2358	1128	126
334.111	0.140177	0.01575	11.2358	1128	126
335.365	0.140177	0.01575	11.2358	1128	126
336.578	0.140177	0.01575	11.2358	1128	126
337.797	0.140177	0.01575	11.2358	1128	126
339.041	0.140177	0.01575	11.2358	1128	126
340.437	0.140177	0.01575	11.2358	1128	126
341.932	0.140177	0.01575	11.2358	1128	126
343.15	0.140177	0.01575	11.2358	1128	126
344.361	0.140177	0.01575	11.2358	1128	126
345.519	0.140177	0.01575	11.2358	1128	126
346.688	0.140177	0.01575	11.2358	1128	126
347.982	0.140177	0.01575	11.2358	1128	126
349.115	0.140177	0.01575	11.2358	1128	126
350.238	0.140177	0.01575	11.2358	1128	126
351.443	0.140177	0.01575	11.2358	1128	126
352.552	0.140177	0.01575	11.2358	1128	126
353.653	0.140177	0.01575	11.2358	1128	126
354.836	0.140177	0.01575	11.2358	1128	126
356.74	0.140177	0.01575	11.2358	1128	126
360.136	0.140177	0.01575	11.2358	1128	126
361.889	0.140177	0.01575	11.2358	1128	126
365.342	0.140177	0.01575	11.2358	1128	126
375.46	0.140182	0.01575	11.2354	1049	126
385.764	0.140182	0.01575	11.2354	1049	126
396.297	0.140182	0.01575	11.2354	1091	126
404.93	0.140194	0.01575	11.2345	1147	126
410.58	0.140194	0.01575	11.2345	1147	126
417.524	0.140194	0.01575	11.2345	1147	126
424.282	0.140194	0.01575	11.2345	1147	126
430.692	0.140194	0.01575	11.2345	1147	126
436.384	0.140194	0.01575	11.2345	1147	126
443.093	0.140194	0.01575	11.2345	1147	126
447.256	0.140194	0.01575	11.2345	1147	126
451.218	0.140194	0.01575	11.2345	1147	126
458.857	0.140194	0.01575	11.2345	1147	126
466.019	0.140194	0.01575	11.2345	1147	126
472.561	0.140194	0.01575	11.2345	1147	126
483.299	0.140194	0.01575	11.2345	1147	126
491.217	0.140194	0.01575	11.2345	1147	126
499.118	0.140194	0.01575	11.2345	1147	126
502.67	0.140194	0.01575	11.2345	1147	126
507.02	0.140194	0.01575	11.2345	1147	126
511.16	0.140194	0.01575	11.2345	1147	126
514.372	0.140194	0.01575	11.2345	1147	126
516.913	0.140194	0.01575	11.2345	1147	126
532.516	0.140194	0.01575	11.2345	1147	126
545.031	0.140194	0.01575	11.2345	1147	126
557.73	0.140194	0.01575	11.2345	1147	126
570.207	0.140194	0.01575	11.2345	1147	126
574.266	0.140194	0.01575	11.2345	1147	126
577.85	0.140194	0.01575	11.2345	1091	126
585.439	0.140213	0.01575	11.2329	1098	126
593.249	0.140274	0.01575	11.228	1154	126
600.576	0.140274	0.01575	11.228	1148	126
610.923	0.140274	0.01575	11.228	1148	126
619.85	0.140274	0.01575	11.228	1148	126
626.51	0.140274	0.01575	11.228	1148	126
632.597	0.140274	0.01575	11.228	1148	126
638.772	0.140274	0.01575	11.228	1148	126
644.704	0.140274	0.01575	11.228	1148	126
653.163	0.140274	0.01575	11.228	1148	126
664.031	0.140274	0.01575	11.228	1148	126
667.385	0.140274	0.01575	11.228	1148	126
674.401	0.140274	0.01575	11.228	1148	126
683.888	0.140274	0.01575	11.228	1148	126
685.515	0.140274	0.01575	11.228	1148	126
687.153	0.140274	0.01575	11.228	1148	126
688.748	0.140274	0.01575	11.228	1148	126
690.353	0.140274	0.01575	11.228	1148	126
692.081	0.140274	0.01575	11.228	1148	126
693.72	0.140274	0.01575	11.228	1148	126
695.333	0.140274	0.01575	11.228	1148	126
697.071	0.140274	0.01575	11.228	1148	126
698.679	0.140274	0.01575	11.228	1148	126
700.386	0.140274	0.01575	11.228	1148	126
702.122	0.140274	0.01575	11.228	1148	126
703.754	0.140274	0.01575	11.228	1148	126
705.382	0.140274	0.01575	11.228	1148	126
706.931	0.140274	0.01575	11.228	1148	126
708.523	0.140274	0.01575	11.228	1148	126
710.136	0.140274	0.01575	11.228	1148	126
711.737	0.140274	0.01575	11.228	1148	126
713.332	0.140274	0.01575	11.228	1148	126
714.934	0.140274	0.01575	11.228	1148	126
716.53	0.140274	0.01575	11.228	1148	126
718.166	0.140274	0.01575	11.228	1148	126
719.796	0.140274	0.01575	11.228	1148	126
721.379	0.140274	0.01575	11.228	1148	126
722.975	0.140274	0.01575	11.228	1148	126
724.628	0.140274	0.01575	11.228	1148	126
726.279	0.140274	0.01575	11.228	1148	126
727.863	0.140274	0.01575	11.228	1148	126
729.613	0.140274	0.01575	11.228	1148	126
731.182	0.140274	0.01575	11.228	1148	126
732.928	0.140274	0.01575	11.228	1148	126
734.548	0.140274	0.01575	11.228	1148	126
736.182	0.140274	0.01575	11.228	1148	126
737.989	0.140274	0.01575	11.228	1148	126
739.874	0.140274	0.01575	11.228	1148	126
741.775	0.140274	0.01575	11.228	1148	126
743.616	0.140274	0.01575	11.228	1148	126
745.3	0.140274	0.01575	11.228	1148	126
747.018	0.140274	0.01575	11.228	1148	126
748.643	0.140274	0.01575	11.228	1148	126
750.233	0.140274	0.01575	11.228	1148	126
751.913	0.140274	0.01575	11.228	1148	126
753.62	0.140274	0.01575	11.228	1148	126
755.316	0.140274	0.01575	11.228	1148	126
756.964	0.140274	0.01575	11.228	1148	126
758.629	0.140274	0.01575	11.228	1148	126
760.323	0.140274	0.01575	11.228	1148	126
761.984	0.140274	0.01575	11.228	1148	126
763.703	0.140274	0.01575	11.228	1148	126
765.436	0.140274	0.01575	11.228	1148	126
773.759	0.140274	0.01575	11.228	1148	126
780.315	0.140274	0.01575	11.228	1148	126
789.24	0.140274	0.01575	11.228	1148	126
809.341	0.140274	0.01575	11.228	1148	126
830.585	0.140274	0.01575	11.228	1148	126
841.653	0.140274	0.01575	11.228	1148	126
858.303	0.140274	0.01575	11.228	1148	126
874.989	0.140274	0.01575	11.228	1148	126
887.885	0.140274	0.01575	11.228	1060	126
892.529	0.140274	0.01575	11.228	1060	126
897.2	0.140274	0.01575	11.228	1060	126
901.626	0.140274	0.01575	11.228	1060	126
909.517	0.140274	0.01575	11.228	1117	126
918.989	0.140274	0.01575	11.228	1117	126
928.881	0.140274	0.01575	11.228	1117	126
938.021	0.140274	0.01575	11.228	1117	126
947.118	0.140274	0.01575	11.228	1117	126
956.322	0.140274	0.01575	11.228	1117	126
965.591	0.140274	0.01575	11.228	1117	126
975.234	0.140274	0.01575	11.228	1117	126
984.905	0.140274	0.01575	11.228	1117	126
995.286	0.140274	0.01575	11.228	1117	126
1005.16	0.140274	0.01575	11.228	1117	126
1014.85	0.140274	0.01575	11.228	1117	126
1025.05	0.140274	0.01575	11.228	1117	126
1034.49	0.140274	0.01575	11.228	1117	126
1044.57	0.140274	0.01575	11.228	1117	126
1053.89	0.140274	0.01575	11.228	1117	126
1063.11	0.140274	0.01575	11.228	1117	126
1074.26	0.140274	0.01575	11.228	1117	126
1084.68	0.140274	0.01575	11.228	1117	126
1095.53	0.140274	0.01575	11.228	1117	126
1106.36	0.140274	0.01575	11.228	1117	126
1117.59	0.140274	0.01575	11.228	1138	126
1127.18	0.140274	0.01575	11.228	1145	126
1134.81	0.140274	0.01575	11.228	1194	126
1142.91	0.140274	0.01575	11.228	1194	126
1151.12	0.140274	0.01575	11.228	1194	126
1159.74	0.140274	0.01575	11.228	1194	126
1171.66	0.140274	0.01575	11.228	1194	126
1177.53	0.140274	0.01575	11.228	1194	126
1182.97	0.140274	0.01575	11.228	1194	126
1187.12	0.140274	0.01575	11.228	1194	126
1188.4	0.140274	0.01575	11.228	1194	126
1189.73	0.140274	0.01575	11.228	1194	126
1191.03	0.140274	0.01575	11.228	1194	126
1192.31	0.140274	0.01575	11.228	1194	126
1193.6	0.140274	0.01575	11.228	1194	126
1194.82	0.140274	0.01575	11.228	1194	126
1196.12	0.140274	0.01575	11.228	1194	126
1197.34	0.140274	0.01575	11.228	1194	126
1198.61	0.140274	0.01575	11.228	1194	126
1199.8	0.140274	0.01575	11.228	1194	126
1201	0.140274	0.01575	11.228	1194	126
1206.16	0.140274	0.01575	11.228	1194	126
1207.4	0.140274	0.01575	11.228	1194	126
1208.67	0.140274	0.01575	11.228	1194	126
1210.23	0.140274	0.01575	11.228	1194	126
1211.73	0.140274	0.01575	11.228	1194	126
1213.27	0.140274	0.01575	11.228	1194	126
1214.79	0.140274	0.01575	11.228	1194	126
1216.31	0.140274	0.01575	11.228	1194	126
1217.87	0.140274	0.01575	11.228	1194	126
1219.36	0.140274	0.01575	11.228	1194	126
1221.01	0.140274	0.01575	11.228	1194	126
1222.69	0.140274	0.01575	11.228	1194	126
1224.25	0.140274	0.01575	11.228	1194	126
1225.79	0.140274	0.01575	11.228	1194	126
1227.34	0.140274	0.01575	11.228	1194	126
1228.87	0.140274	0.01575	11.228	1194	126
1230.42	0.140274	0.01575	11.228	1194	126
1231.84	0.140274	0.01575	11.228	1194	126
1233.26	0.140274	0.01575	11.228	1194	126
1234.82	0.140274	0.01575	11.228	1194	126
1236.61	0.140274	0.01575	11.228	1194	126
1240.46	0.140274	0.01575	11.228	1194	126
1245.27	0.140274	0.01575	11.228	1194	126
1251.76	0.140274	0.01575	11.228	1194	126
1255.03	0.140274	0.01575	11.228	1194	126
1265.51	0.140274	0.01575	11.228	1050	126
1275.69	0.140274	0.01575	11.228	1064	126
1280.99	0.140274	0.01575	11.228	1071	126
1285.56	0.140274	0.01575	11.228	1071	126
1289.86	0.140274	0.01575	11.228	1071	126
1293.89	0.140274	0.01575	11.228	1071	126
1300.98	0.140274	0.01575	11.228	1071	126
1308.9	0.140274	0.01575	11.228	1071	126
1316.1	0.140274	0.01575	11.228	1071	126
1323.32	0.140274	0.01575	11.228	1071	126
1333.21	0.140274	0.01575	11.228	1169	126
1342.38	0.140274	0.01575	11.228	1169	126
1349.47	0.140274	0.01575	11.228	1169	126
1356.13	0.140274	0.01575	11.228	1169	126
1360.61	0.140274	0.01575	11.228	1169	126
1363.69	0.140274	0.01575	11.228	1169	126
1365.88	0.140274	0.01575	11.228	1169	126
1367.24	0.140274	0.01575	11.228	1169	126
1368.68	0.140274	0.01575	11.228	1169	126
1370.14	0.140274	0.01575	11.228	1169	126
1371.57	0.140274	0.01575	11.228	1169	126
1372.96	0.140274	0.01575	11.228	1169	126
1374.23	0.140274	0.01575	11.228	1169	126
1375.53	0.140274	0.01575	11.228	1169	126
1376.9	0.140274	0.01575	11.228	1169	126
1378.33	0.140274	0.01575	11.228	1169	126
1379.77	0.140274	0.01575	11.228	1169	126
1381.18	0.140274	0.01575	11.228	1169	126
1386.74	0.140274	0.01575	11.228	1169	126
1388.18	0.140274	0.01575	11.228	1169	126
1389.64	0.140274	0.01575	11.228	1169	126
1391.14	0.140274	0.01575	11.228	1169	126
1392.69	0.140274	0.01575	11.228	1169	126
1394.18	0.140274	0.01575	11.228	1169	126
1395.73	0.140274	0.01575	11.228	1169	126
1397.21	0.140274	0.01575	11.228	1169	126
1398.79	0.140274	0.01575	11.228	1169	126
1400.3	0.140274	0.01575	11.228	1169	126
1401.87	0.140274	0.01575	11.228	1169	126
1403.65	0.140274	0.01575	11.228	1169	126
1405.12	0.140274	0.01575	11.228	1169	126
1406.7	0.140274	0.01575	11.228	1169	126
1408.21	0.140274	0.01575	11.228	1169	126
1409.7	0.140274	0.01575	11.228	1169	126
1411.19	0.140274	0.01575	11.228	1169	126
1412.61	0.140274	0.01575	11.228	1169	126
1414.11	0.140274	0.01575	11.228	1169	126
1415.5	0.140274	0.01575	11.228	1169	126
1416.88	0.140274	0.01575	11.228	1169	126
1418.27	0.140274	0.01575	11.228	1169	126
1419.64	0.140274	0.01575	11.228	1169	126
1421.22	0.140274	0.01575	11.228	1169	126
1422.76	0.140274	0.01575	11.228	1169	126
1424.37	0.140274	0.01575	11.228	1169	126
1426.04	0.140274	0.01575	11.228	1169	126
1427.59	0.140274	0.01575	11.228	1169	126
1429.08	0.140274	0.01575	11.228	1169	126
1430.52	0.140274	0.01575	11.228	1169	126
1431.99	0.140274	0.01575	11.228	1169	126
1433.4	0.140274	0.01575	11.228	1169	126
1434.82	0.140274	0.01575	11.228	1169	126
1436.3	0.140274	0.01575	11.228	1169	126
1437.79	0.140274	0.01575	11.228	1169	126
1439.31	0.140274	0.01575	11.228	1169	126
1440.76	0.140274	0.01575	11.228	1169	126
1442.31	0.140274	0.01575	11.228	1169	126
1443.84	0.140274	0.01575	11.228	1169	126
1445.47	0.140274	0.01575	11.228	1169	126
1447.06	0.140274	0.01575	11.228	1169	126
1448.75	0.140274	0.01575	11.228	1169	126
1450.35	0.140274	0.01575	11.228	1169	126
1452	0.140274	0.01575	11.228	1169	126
1453.67	0.140274	0.01575	11.228	1169	126
1455.22	0.140274	0.01575	11.228	1169	126
1456.79	0.140274	0.01575	11.228	1169	126
1458.34	0.140274	0.01575	11.228	1169	126
1459.76	0.140274	0.01575	11.228	1169	126
1461.24	0.140274	0.01575	11.228	1169	126
1462.68	0.140274	0.01575	11.228	1169	126
1464.21	0.140274	0.01575	11.228	1169	126
1465.71	0.140274	0.01575	11.228	1169	126
1467.22	0.140274	0.01575	11.228	1169	126
1468.81	0.140274	0.01575	11.228	1169	126
1470.48	0.140274	0.01575	11.228	1169	126
1471.99	0.140274	0.01575	11.228	1169	126
1473.52	0.140274	0.01575	11.228	1169	126
1475.02	0.140274	0.01575	11.228	1169	126
1476.52	0.140274	0.01575	11.228	1169	126
1478.07	0.140274	0.01575	11.228	1169	126
1479.6	0.140274	0.01575	11.228	1169	126
1481.21	0.140274	0.01575	11.228	1169	126
1482.64	0.140274	0.01575	11.228	1169	126
1484.1	0.140274	0.01575	11.228	1169	126
1485.64	0.140274	0.01575	11.228	1169	126
1487.13	0.140274	0.01575	11.228	1169	126
1488.66	0.140274	0.01575	11.228	1169	126
1489.98	0.140274	0.01575	11.228	1169	126
