533.048	0.0236524	0.009625	40.6936	88	77
545.561	0.051884	0.01975	38.0657	190	158
558.291	0.051884	0.02075	39.9931	183	166
570.721	0.051884	0.02075	39.9931	183	166
574.792	0.051884	0.02075	39.9931	183	166
578.351	0.051884	0.02075	39.9931	183	166
585.98	0.051884	0.02075	39.9931	183	166
593.792	0.051884	0.02075	39.9931	183	166
601.087	0.051884	0.02075	39.9931	183	166
611.437	0.051884	0.02075	39.9931	183	166
620.447	0.051884	0.02075	39.9931	183	166
627.013	0.051884	0.02075	39.9931	183	166
633.082	0.051884	0.02075	39.9931	183	166
639.249	0.051884	0.02075	39.9931	183	166
645.197	0.051884	0.02075	39.9931	183	166
653.691	0.051884	0.02075	39.9931	183	166
664.562	0.051884	0.02075	39.9931	183	166
667.93	0.051884	0.02075	39.9931	183	166
674.931	0.051884	0.02075	39.9931	183	166
684.409	0.051884	0.02075	39.9931	183	166
686.022	0.051884	0.02075	39.9931	183	166
687.651	0.051884	0.02075	39.9931	183	166
689.248	0.051884	0.02075	39.9931	183	166
690.86	0.051884	0.02075	39.9931	183	166
692.641	0.051884	0.02075	39.9931	183	166
694.227	0.051884	0.02075	39.9931	183	166
695.859	0.051884	0.02075	39.9931	183	166
697.563	0.051884	0.02075	39.9931	183	166
699.261	0.051884	0.02075	39.9931	183	166
700.961	0.051884	0.02075	39.9931	183	166
702.633	0.051884	0.02075	39.9931	183	166
704.251	0.051884	0.02075	39.9931	183	166
705.855	0.051884	0.02075	39.9931	183	166
707.428	0.051884	0.02075	39.9931	183	166
709.057	0.051884	0.02075	39.9931	183	166
710.634	0.051884	0.02075	39.9931	183	166
712.27	0.051884	0.02075	39.9931	183	166
713.845	0.051884	0.02075	39.9931	183	166
715.458	0.051884	0.02075	39.9931	183	166
717.094	0.051884	0.02075	39.9931	183	166
718.701	0.051884	0.02075	39.9931	183	166
720.326	0.051884	0.02075	39.9931	183	166
721.924	0.051884	0.02075	39.9931	183	166
723.541	0.051884	0.02075	39.9931	183	166
725.179	0.051884	0.02075	39.9931	183	166
726.8	0.051884	0.02075	39.9931	183	166
728.476	0.051884	0.02075	39.9931	183	166
730.13	0.051884	0.02075	39.9931	183	166
731.689	0.051884	0.02075	39.9931	183	166
733.465	0.051884	0.02075	39.9931	183	166
735.075	0.051884	0.02075	39.9931	183	166
736.761	0.051884	0.02075	39.9931	183	166
738.55	0.051884	0.02075	39.9931	183	166
740.465	0.051884	0.02075	39.9931	183	166
742.361	0.051884	0.02075	39.9931	183	166
744.16	0.051884	0.02075	39.9931	183	166
745.828	0.051884	0.02075	39.9931	183	166
747.558	0.051884	0.02075	39.9931	183	166
749.129	0.051884	0.02075	39.9931	183	166
750.718	0.051884	0.02075	39.9931	183	166
752.483	0.051884	0.02075	39.9931	183	166
754.206	0.051884	0.02075	39.9931	183	166
755.879	0.051884	0.02075	39.9931	183	166
757.462	0.051884	0.02075	39.9931	183	166
759.197	0.051884	0.02075	39.9931	183	166
760.872	0.051884	0.02075	39.9931	183	166
762.503	0.051884	0.02075	39.9931	183	166
764.288	0.051884	0.02075	39.9931	183	166
766.001	0.051884	0.02075	39.9931	183	166
774.4	0.051884	0.02075	39.9931	183	166
780.946	0.051884	0.02075	39.9931	183	166
789.773	0.051884	0.02075	39.9931	183	166
809.91	0.051884	0.021875	42.1614	188	175
831.161	0.051884	0.021875	42.1614	189	175
842.201	0.051884	0.021875	42.1614	189	175
858.947	0.0518977	0.02375	45.7631	193	190
875.465	0.0518977	0.02425	46.7266	194	194
888.449	0.0518977	0.02425	46.7266	194	194
893.266	0.0518977	0.02425	46.7266	194	194
897.794	0.0518977	0.02425	46.7266	194	194
902.171	0.0518977	0.02425	46.7266	194	194
910.1	0.0518977	0.02425	46.7266	194	194
919.652	0.0518977	0.02425	46.7266	194	194
929.506	0.0518977	0.02425	46.7266	194	194
938.629	0.0518977	0.02425	46.7266	194	194
947.703	0.0518977	0.02425	46.7266	194	194
956.904	0.0518977	0.02425	46.7266	194	194
966.166	0.0518977	0.02425	46.7266	194	194
975.846	0.0518977	0.02425	46.7266	194	194
985.626	0.0518977	0.02425	46.7266	194	194
995.974	0.0518977	0.02425	46.7266	194	194
1005.76	0.0518977	0.02425	46.7266	194	194
1015.57	0.0518977	0.02425	46.7266	194	194
1025.72	0.0518977	0.02425	46.7266	194	194
1035.1	0.0518977	0.02425	46.7266	194	194
1045.18	0.0518977	0.02425	46.7266	194	194
1054.47	0.0518977	0.02425	46.7266	194	194
1063.7	0.0518977	0.02425	46.7266	194	194
1075.01	0.0518977	0.02425	46.7266	194	194
1085.32	0.0518977	0.02425	46.7266	194	194
1096.32	0.0518977	0.02425	46.7266	194	194
1107.06	0.0518977	0.02425	46.7266	194	194
1118.17	0.0518977	0.02425	46.7266	194	194
1127.75	0.0518977	0.02425	46.7266	194	194
1135.34	0.0518977	0.02425	46.7266	194	194
1143.45	0.0518977	0.02425	46.7266	194	194
1151.69	0.0518977	0.02425	46.7266	194	194
1160.62	0.0518977	0.02425	46.7266	194	194
1172.27	0.0518977	0.02425	46.7266	194	194
1178.05	0.0518977	0.02425	46.7266	194	194
1183.47	0.0518977	0.02425	46.7266	194	194
1187.62	0.0518977	0.02425	46.7266	194	194
1188.95	0.0518977	0.02425	46.7266	194	194
1190.28	0.0518977	0.02425	46.7266	194	194
1191.59	0.0518977	0.02425	46.7266	194	194
1192.87	0.0518977	0.02425	46.7266	194	194
1194.14	0.0518977	0.02425	46.7266	194	194
1195.41	0.0518977	0.02425	46.7266	194	194
1196.66	0.0518977	0.02425	46.7266	194	194
1197.87	0.0518977	0.02425	46.7266	194	194
1199.13	0.0518977	0.02425	46.7266	194	194
1200.33	0.0518977	0.02425	46.7266	194	194
1201.53	0.0518977	0.02425	46.7266	194	194
1206.71	0.0518977	0.02425	46.7266	194	194
1207.91	0.0518977	0.02425	46.7266	194	194
1209.2	0.0518977	0.02425	46.7266	194	194
1210.77	0.0518977	0.02425	46.7266	194	194
1212.27	0.0518977	0.02425	46.7266	194	194
1213.84	0.0518977	0.02425	46.7266	194	194
1215.38	0.0518977	0.02425	46.7266	194	194
1216.85	0.0518977	0.02425	46.7266	194	194
1218.41	0.0518977	0.02425	46.7266	194	194
1220.01	0.0518977	0.02425	46.7266	194	194
1221.6	0.0518977	0.02425	46.7266	194	194
1223.28	0.0518977	0.02425	46.7266	194	194
1224.84	0.0518977	0.02425	46.7266	194	194
1226.34	0.0518977	0.02425	46.7266	194	194
1227.92	0.0518977	0.02425	46.7266	194	194
1229.42	0.0518977	0.02425	46.7266	194	194
1230.95	0.0518977	0.02425	46.7266	194	194
1232.36	0.0518977	0.02425	46.7266	194	194
1233.77	0.0518977	0.02425	46.7266	194	194
1235.46	0.0518977	0.02425	46.7266	194	194
1237.18	0.0518977	0.02425	46.7266	194	194
1240.97	0.0518977	0.02425	46.7266	194	194
1245.8	0.0518977	0.02425	46.7266	194	194
1252.31	0.0518977	0.02425	46.7266	194	194
1255.69	0.0518977	0.02425	46.7266	194	194
1266.09	0.0518977	0.02425	46.7266	194	194
1276.29	0.0518977	0.02425	46.7266	194	194
1281.58	0.0518977	0.02425	46.7266	194	194
1286.16	0.0518977	0.02425	46.7266	194	194
1290.44	0.0518977	0.02425	46.7266	194	194
1294.48	0.0518977	0.02425	46.7266	194	194
1301.61	0.0518977	0.02425	46.7266	194	194
1309.5	0.0518977	0.02425	46.7266	194	194
1316.8	0.0518977	0.02425	46.7266	194	194
1323.92	0.0518977	0.02425	46.7266	194	194
1333.91	0.0518977	0.02425	46.7266	194	194
1343.06	0.0518977	0.02425	46.7266	194	194
1350.06	0.0518977	0.02425	46.7266	194	194
1356.67	0.0518977	0.02425	46.7266	194	194
1361.17	0.0518977	0.02425	46.7266	194	194
1364.24	0.0518977	0.02425	46.7266	194	194
1366.4	0.0518977	0.02425	46.7266	194	194
1367.78	0.0518977	0.02425	46.7266	194	194
1369.29	0.0518977	0.02425	46.7266	194	194
1370.74	0.0518977	0.02425	46.7266	194	194
1372.16	0.0518977	0.02425	46.7266	194	194
1373.56	0.0518977	0.02425	46.7266	194	194
1374.82	0.0518977	0.02425	46.7266	194	194
1376.18	0.0518977	0.02425	46.7266	194	194
1377.57	0.0518977	0.02425	46.7266	194	194
1379.02	0.0518977	0.02425	46.7266	194	194
1380.44	0.0518977	0.02425	46.7266	194	194
1381.9	0.0518977	0.02425	46.7266	194	194
1387.36	0.0518977	0.02425	46.7266	194	194
1388.78	0.0518977	0.02425	46.7266	194	194
1390.29	0.0518977	0.02425	46.7266	194	194
1391.79	0.0518977	0.02425	46.7266	194	194
1393.31	0.0518977	0.02425	46.7266	194	194
1394.83	0.0518977	0.02425	46.7266	194	194
1396.34	0.0518977	0.02425	46.7266	194	194
1397.83	0.0518977	0.02425	46.7266	194	194
1399.42	0.0518977	0.02425	46.7266	194	194
1400.96	0.0518977	0.02425	46.7266	194	194
1402.62	0.0518977	0.02425	46.7266	194	194
1404.27	0.0518977	0.02425	46.7266	194	194
1405.75	0.0518977	0.02425	46.7266	194	194
1407.34	0.0518977	0.02425	46.7266	194	194
1408.83	0.0518977	0.02425	46.7266	194	194
1410.32	0.0518977	0.02425	46.7266	194	194
1411.8	0.0518977	0.02425	46.7266	194	194
1413.24	0.0518977	0.02425	46.7266	194	194
1414.69	0.0518977	0.02425	46.7266	194	194
1416.08	0.0518977	0.02425	46.7266	194	194
1417.46	0.0518977	0.02425	46.7266	194	194
1418.83	0.0518977	0.02425	46.7266	194	194
1420.32	0.0518977	0.02425	46.7266	194	194
1421.89	0.0518977	0.02425	46.7266	194	194
1423.46	0.0518977	0.02425	46.7266	194	194
1425.07	0.0518977	0.02425	46.7266	194	194
1426.72	0.0518977	0.02425	46.7266	194	194
1428.21	0.0518977	0.02425	46.7266	194	194
1429.71	0.0518977	0.02425	46.7266	194	194
1431.1	0.0518977	0.02425	46.7266	194	194
1432.6	0.0518977	0.02425	46.7266	194	194
1434	0.0518977	0.02425	46.7266	194	194
1435.41	0.0518977	0.02425	46.7266	194	194
1436.93	0.0518977	0.02425	46.7266	194	194
1438.46	0.0518977	0.02425	46.7266	194	194
1439.92	0.0518977	0.02425	46.7266	194	194
1441.38	0.0518977	0.02425	46.7266	194	194
1442.95	0.0518977	0.02425	46.7266	194	194
1444.52	0.0518977	0.02425	46.7266	194	194
1446.19	0.0518977	0.02425	46.7266	194	194
1447.86	0.0518977	0.02425	46.7266	194	194
1449.49	0.0518977	0.02425	46.7266	194	194
1451.1	0.0518977	0.02425	46.7266	194	194
1452.7	0.0518977	0.02425	46.7266	194	194
1454.37	0.0518977	0.02425	46.7266	194	194
1455.83	0.0518977	0.02425	46.7266	194	194
1457.47	0.0518977	0.02425	46.7266	194	194
1458.94	0.0518977	0.02425	46.7266	194	194
1460.35	0.0518977	0.02425	46.7266	194	194
1461.83	0.0518977	0.02425	46.7266	194	194
1463.28	0.0518977	0.02425	46.7266	194	194
1464.8	0.0518977	0.02425	46.7266	194	194
1466.33	0.0518977	0.02425	46.7266	194	194
1467.91	0.0518977	0.02425	46.7266	194	194
1469.51	0.0518977	0.02425	46.7266	194	194
1471.11	0.0518977	0.02425	46.7266	194	194
1472.62	0.0518977	0.02425	46.7266	194	194
1474.14	0.0518977	0.02425	46.7266	194	194
1475.64	0.0518977	0.02425	46.7266	194	194
1477.15	0.0518977	0.02425	46.7266	194	194
1478.72	0.0518977	0.02425	46.7266	194	194
1480.28	0.0518977	0.02425	46.7266	194	194
1481.79	0.0518977	0.02425	46.7266	194	194
1483.23	0.0518977	0.02425	46.7266	194	194
1484.72	0.0518977	0.02425	46.7266	194	194
1486.26	0.0518977	0.02425	46.7266	194	194
1487.78	0.0518977	0.02425	46.7266	194	194
1489.28	0.0518977	0.02425	46.7266	194	194
1489.98	0.0518977	0.02425	46.7266	194	194
