128.872	0.0388644	0.002	5.14609	46	16
131.367	0.0388644	0.002	5.14609	46	16
133.567	0.0388644	0.002	5.14609	46	16
135.61	0.0388644	0.002	5.14609	46	16
140.293	0.126882	0.002	1.57627	46	16
147.683	0.157289	0.00675	4.29146	101	54
156.154	0.157289	0.00675	4.29146	101	54
170.448	0.157289	0.00675	4.29146	101	54
185.471	0.157289	0.00675	4.29146	101	54
200.922	0.157289	0.00675	4.29146	101	54
217.148	0.157289	0.00675	4.29146	101	54
220.97	0.157289	0.00675	4.29146	101	54
224.325	0.157289	0.00675	4.29146	101	54
226.029	0.157289	0.00675	4.29146	101	54
232.116	0.157289	0.00675	4.29146	101	54
237.85	0.157289	0.00675	4.29146	101	54
243.865	0.157289	0.00675	4.29146	101	54
250.027	0.157289	0.00675	4.29146	101	54
256.642	0.157289	0.00675	4.29146	101	54
263.385	0.157289	0.00675	4.29146	101	54
270.231	0.157289	0.00675	4.29146	101	54
277.573	0.157289	0.00675	4.29146	101	54
286.961	0.157289	0.00675	4.29146	101	54
294.544	0.157289	0.00675	4.29146	101	54
302.51	0.157289	0.00675	4.29146	101	54
310.474	0.157289	0.00675	4.29146	101	54
317.87	0.157289	0.00675	4.29146	101	54
326.235	0.157289	0.00675	4.29146	101	54
327.349	0.157289	0.00675	4.29146	101	54
328.551	0.157289	0.00675	4.29146	101	54
329.777	0.157289	0.00675	4.29146	101	54
330.868	0.157289	0.00675	4.29146	101	54
331.977	0.157289	0.00675	4.29146	101	54
333.146	0.157289	0.00675	4.29146	101	54
334.249	0.157289	0.00675	4.29146	101	54
335.531	0.157289	0.00675	4.29146	101	54
336.734	0.157289	0.00675	4.29146	101	54
337.937	0.157289	0.00675	4.29146	101	54
339.203	0.157289	0.00675	4.29146	101	54
340.591	0.157289	0.00675	4.29146	101	54
342.07	0.157289	0.00675	4.29146	101	54
343.288	0.157289	0.00675	4.29146	101	54
344.494	0.157289	0.00675	4.29146	101	54
345.666	0.157289	0.00675	4.29146	101	54
346.833	0.157289	0.00675	4.29146	101	54
348.115	0.157289	0.00675	4.29146	101	54
349.252	0.157289	0.00675	4.29146	101	54
350.363	0.157289	0.00675	4.29146	101	54
351.573	0.157289	0.00675	4.29146	101	54
352.68	0.157289	0.00675	4.29146	101	54
353.787	0.157289	0.00675	4.29146	101	54
354.967	0.157289	0.00675	4.29146	101	54
356.892	0.157289	0.00675	4.29146	101	54
360.276	0.157289	0.00675	4.29146	101	54
362.027	0.157289	0.00675	4.29146	101	54
365.472	0.157289	0.00675	4.29146	101	54
375.673	0.157289	0.00675	4.29146	101	54
385.93	0.157289	0.00675	4.29146	101	54
396.46	0.157289	0.00675	4.29146	101	54
405.055	0.157289	0.00675	4.29146	101	54
410.697	0.157289	0.00675	4.29146	101	54
417.641	0.157289	0.00675	4.29146	101	54
424.412	0.157289	0.00675	4.29146	101	54
430.818	0.157289	0.00675	4.29146	101	54
436.484	0.157289	0.00675	4.29146	101	54
443.206	0.157289	0.00675	4.29146	101	54
447.373	0.157289	0.00675	4.29146	101	54
451.327	0.157289	0.00675	4.29146	101	54
458.989	0.157289	0.00675	4.29146	101	54
466.164	0.157289	0.00675	4.29146	101	54
472.706	0.157289	0.00675	4.29146	101	54
483.441	0.173612	0.0205	11.808	404	164
491.337	0.173676	0.022125	12.7393	409	177
499.255	0.173685	0.022125	12.7386	381	177
502.811	0.173685	0.022125	12.7386	381	177
507.151	0.173685	0.022125	12.7386	381	177
511.304	0.173685	0.022125	12.7386	381	177
514.497	0.173685	0.022125	12.7386	381	177
517.035	0.173685	0.022125	12.7386	381	177
532.652	0.1737	0.022625	13.0254	423	181
545.165	0.1737	0.022625	13.0254	423	181
557.895	0.1737	0.022625	13.0254	423	181
570.337	0.1737	0.022625	13.0254	423	181
574.416	0.1737	0.022625	13.0254	423	181
577.99	0.1737	0.022625	13.0254	423	181
585.61	0.1737	0.022625	13.0254	423	181
593.432	0.1737	0.022625	13.0254	423	181
600.742	0.1737	0.022625	13.0254	423	181
611.078	0.1737	0.022625	13.0254	423	181
620.037	0.1737	0.022625	13.0254	423	181
626.649	0.1737	0.022625	13.0254	423	181
632.725	0.1737	0.022625	13.0254	423	181
638.903	0.1737	0.022625	13.0254	423	181
644.839	0.1737	0.022625	13.0254	423	181
653.313	0.1737	0.022625	13.0254	423	181
664.172	0.1737	0.022625	13.0254	423	181
667.529	0.1737	0.022625	13.0254	423	181
674.541	0.1737	0.022625	13.0254	423	181
684.038	0.1737	0.02325	13.3852	429	179
685.668	0.1737	0.02325	13.3852	429	179
687.296	0.1737	0.02325	13.3852	429	179
688.894	0.1737	0.02325	13.3852	429	179
690.501	0.1737	0.02325	13.3852	429	179
692.262	0.1737	0.02325	13.3852	429	179
693.867	0.1737	0.02325	13.3852	429	179
695.492	0.1737	0.02325	13.3852	429	179
697.233	0.1737	0.02325	13.3852	429	179
698.833	0.1737	0.02325	13.3852	429	179
700.544	0.1737	0.02325	13.3852	429	179
702.274	0.1737	0.02325	13.3852	429	179
703.899	0.1737	0.02325	13.3852	429	179
705.517	0.1737	0.02325	13.3852	429	179
707.067	0.1737	0.02325	13.3852	429	179
708.672	0.1737	0.02325	13.3852	429	179
710.276	0.1737	0.02325	13.3852	429	179
711.903	0.1737	0.02325	13.3852	429	179
713.477	0.1737	0.02325	13.3852	429	179
715.091	0.1737	0.02325	13.3852	429	179
716.681	0.1737	0.02325	13.3852	429	179
718.333	0.1737	0.02325	13.3852	429	179
719.948	0.1737	0.02325	13.3852	429	179
721.53	0.1737	0.02325	13.3852	429	179
723.12	0.1737	0.02325	13.3852	429	179
724.775	0.1737	0.02325	13.3852	429	179
726.428	0.1737	0.02325	13.3852	429	179
728.043	0.1737	0.02325	13.3852	429	179
729.768	0.1737	0.02325	13.3852	429	179
731.324	0.1737	0.02325	13.3852	429	179
733.121	0.1737	0.02325	13.3852	429	179
734.691	0.1737	0.02325	13.3852	429	179
736.343	0.1737	0.02325	13.3852	429	179
738.134	0.1737	0.02325	13.3852	429	179
740.047	0.1737	0.02325	13.3852	429	179
741.943	0.1737	0.02325	13.3852	429	179
743.778	0.1737	0.02325	13.3852	429	179
745.449	0.1737	0.02325	13.3852	429	179
747.181	0.1737	0.02325	13.3852	429	179
748.786	0.1737	0.02325	13.3852	429	179
750.373	0.1737	0.02325	13.3852	429	179
752.087	0.1737	0.02325	13.3852	429	179
753.786	0.1737	0.02325	13.3852	429	179
755.474	0.1737	0.02325	13.3852	429	179
757.098	0.1737	0.02325	13.3852	429	179
758.802	0.1737	0.02325	13.3852	429	179
760.483	0.1737	0.02325	13.3852	429	179
762.154	0.1737	0.02325	13.3852	429	179
763.872	0.1737	0.02325	13.3852	429	179
765.582	0.1737	0.02325	13.3852	429	179
773.954	0.173711	0.028125	16.1907	433	218
780.476	0.173711	0.028125	16.1907	433	218
789.373	0.173711	0.028125	16.1907	433	218
809.475	0.173711	0.028125	16.1907	433	218
830.716	0.173711	0.028125	16.1907	433	218
841.779	0.173711	0.028125	16.1907	433	218
858.462	0.173711	0.028125	16.1907	433	218
875.116	0.173711	0.028125	16.1907	433	218
888.038	0.173711	0.028125	16.1907	433	218
892.74	0.173711	0.028125	16.1907	433	218
897.356	0.173711	0.028125	16.1907	433	218
901.777	0.173711	0.028125	16.1907	433	218
909.695	0.173711	0.028125	16.1907	433	218
919.223	0.173711	0.028125	16.1907	433	218
929.099	0.173711	0.028125	16.1907	433	218
938.244	0.173711	0.028125	16.1907	433	218
947.315	0.173711	0.028125	16.1907	433	218
956.523	0.173711	0.028125	16.1907	433	218
965.786	0.173711	0.028125	16.1907	433	218
975.441	0.173711	0.028125	16.1907	433	218
985.151	0.173711	0.028125	16.1907	433	218
995.541	0.173711	0.028125	16.1907	433	218
1005.37	0.173711	0.028125	16.1907	433	218
1015.09	0.173711	0.028125	16.1907	433	218
1025.28	0.173711	0.028125	16.1907	433	218
1034.7	0.173711	0.028125	16.1907	433	218
1044.79	0.173711	0.028125	16.1907	433	218
1054.09	0.173711	0.028125	16.1907	433	218
1063.31	0.173711	0.028125	16.1907	433	218
1074.52	0.173711	0.028125	16.1907	433	218
1084.91	0.173711	0.028125	16.1907	433	218
1095.81	0.173711	0.028125	16.1907	433	218
1106.59	0.173711	0.028125	16.1907	433	218
1117.78	0.173711	0.028125	16.1907	433	218
1127.38	0.173711	0.028125	16.1907	433	218
1134.97	0.173711	0.028125	16.1907	433	218
1143.05	0.173711	0.028125	16.1907	433	218
1151.28	0.173711	0.028125	16.1907	433	218
1160	0.173711	0.028125	16.1907	433	218
1171.8	0.173711	0.028125	16.1907	433	218
1177.66	0.173711	0.028125	16.1907	433	218
1183.1	0.173711	0.028125	16.1907	433	218
1187.25	0.173711	0.028125	16.1907	433	218
1188.53	0.173711	0.028125	16.1907	433	218
1189.87	0.173711	0.028125	16.1907	433	218
1191.19	0.173711	0.028125	16.1907	433	218
1192.46	0.173711	0.028125	16.1907	433	218
1193.74	0.173711	0.028125	16.1907	433	218
1194.96	0.173711	0.028125	16.1907	433	218
1196.26	0.173711	0.028125	16.1907	433	218
1197.47	0.173711	0.028125	16.1907	433	218
1198.75	0.173711	0.028125	16.1907	433	218
1199.92	0.173711	0.028125	16.1907	433	218
1201.14	0.173711	0.028125	16.1907	433	218
1206.31	0.173711	0.028125	16.1907	433	218
1207.53	0.173711	0.028125	16.1907	433	218
1208.8	0.173711	0.028125	16.1907	433	218
1210.38	0.173711	0.028125	16.1907	433	218
1211.87	0.173711	0.028125	16.1907	433	218
1213.43	0.173711	0.028125	16.1907	433	218
1214.95	0.173711	0.028125	16.1907	433	218
1216.45	0.173711	0.028125	16.1907	433	218
1218.01	0.173711	0.028125	16.1907	433	218
1219.53	0.173711	0.028125	16.1907	433	218
1221.17	0.173711	0.028125	16.1907	433	218
1222.85	0.173711	0.028125	16.1907	433	218
1224.42	0.173711	0.028125	16.1907	433	218
1225.93	0.173711	0.028125	16.1907	433	218
1227.48	0.173711	0.028125	16.1907	433	218
1229	0.173711	0.028125	16.1907	433	218
1230.56	0.173711	0.028125	16.1907	433	218
1231.97	0.173711	0.028125	16.1907	433	218
1233.39	0.173711	0.028125	16.1907	433	218
1234.99	0.173711	0.028125	16.1907	433	218
1236.76	0.173711	0.028125	16.1907	433	218
1240.58	0.173711	0.028125	16.1907	433	218
1245.41	0.173711	0.028125	16.1907	433	218
1251.9	0.173711	0.028125	16.1907	433	218
1255.21	0.173711	0.028125	16.1907	433	218
1265.68	0.173711	0.028125	16.1907	433	218
1275.87	0.173711	0.028125	16.1907	433	218
1281.17	0.173711	0.028125	16.1907	433	218
1285.73	0.173711	0.028125	16.1907	433	218
1290.03	0.173711	0.028125	16.1907	433	218
1294.07	0.173711	0.028125	16.1907	433	218
1301.17	0.173711	0.028125	16.1907	433	218
1309.09	0.173711	0.028125	16.1907	433	218
1316.33	0.173711	0.028125	16.1907	433	218
1323.51	0.173711	0.028125	16.1907	433	218
1333.43	0.173711	0.028125	16.1907	433	218
1342.62	0.173711	0.028125	16.1907	433	218
1349.64	0.173711	0.028125	16.1907	433	218
1356.3	0.173711	0.028125	16.1907	433	218
1360.79	0.173711	0.028125	16.1907	433	218
1363.85	0.173711	0.028125	16.1907	433	218
1366.04	0.173711	0.028125	16.1907	433	218
1367.4	0.173711	0.028125	16.1907	433	218
1368.86	0.173711	0.028125	16.1907	433	218
1370.33	0.173711	0.028125	16.1907	433	218
1371.75	0.173711	0.028125	16.1907	433	218
1373.13	0.173711	0.028125	16.1907	433	218
1374.41	0.173711	0.028125	16.1907	433	218
1375.72	0.173711	0.028125	16.1907	433	218
1377.11	0.173711	0.028125	16.1907	433	218
1378.53	0.173711	0.028125	16.1907	433	218
1379.98	0.173711	0.028125	16.1907	433	218
1381.39	0.173711	0.028125	16.1907	433	218
1386.93	0.173711	0.028125	16.1907	433	218
1388.37	0.173711	0.028125	16.1907	433	218
1389.82	0.173711	0.028125	16.1907	433	218
1391.32	0.173711	0.028125	16.1907	433	218
1392.88	0.173711	0.028125	16.1907	433	218
1394.38	0.173711	0.028125	16.1907	433	218
1395.92	0.173711	0.028125	16.1907	433	218
1397.4	0.173711	0.028125	16.1907	433	218
1399	0.173711	0.028125	16.1907	433	218
1400.5	0.173711	0.028125	16.1907	433	218
1402.12	0.173711	0.028125	16.1907	433	218
1403.84	0.173711	0.028125	16.1907	433	218
1405.32	0.173711	0.028125	16.1907	433	218
1406.89	0.173711	0.028125	16.1907	433	218
1408.41	0.173711	0.028125	16.1907	433	218
1409.89	0.173711	0.028125	16.1907	433	218
1411.38	0.173711	0.028125	16.1907	433	218
1412.81	0.173711	0.028125	16.1907	433	218
1414.27	0.173711	0.028125	16.1907	433	218
1415.67	0.173711	0.028125	16.1907	433	218
1417.05	0.173711	0.028125	16.1907	433	218
1418.44	0.173711	0.028125	16.1907	433	218
1419.84	0.173711	0.028125	16.1907	433	218
1421.43	0.173711	0.028125	16.1907	433	218
1422.97	0.173711	0.028125	16.1907	433	218
1424.58	0.173711	0.028125	16.1907	433	218
1426.25	0.173711	0.028125	16.1907	433	218
1427.79	0.173711	0.028125	16.1907	433	218
1429.28	0.173711	0.028125	16.1907	433	218
1430.7	0.173711	0.028125	16.1907	433	218
1432.19	0.173711	0.028125	16.1907	433	218
1433.59	0.173711	0.028125	16.1907	433	218
1434.99	0.173711	0.028125	16.1907	433	218
1436.49	0.173711	0.028125	16.1907	433	218
1437.97	0.173711	0.028125	16.1907	433	218
1439.48	0.173711	0.028125	16.1907	433	218
1440.96	0.173711	0.028125	16.1907	433	218
1442.52	0.173711	0.028125	16.1907	433	218
1444.08	0.173711	0.028125	16.1907	433	218
1445.69	0.173711	0.028125	16.1907	433	218
1447.31	0.173711	0.028125	16.1907	433	218
1448.96	0.173711	0.028125	16.1907	433	218
1450.55	0.173711	0.028125	16.1907	433	218
1452.21	0.173711	0.028125	16.1907	433	218
1453.89	0.173711	0.028125	16.1907	433	218
1455.42	0.173711	0.028125	16.1907	433	218
1457.01	0.173711	0.028125	16.1907	433	218
1458.54	0.173711	0.028125	16.1907	433	218
1459.93	0.173711	0.028125	16.1907	433	218
1461.41	0.173711	0.028125	16.1907	433	218
1462.86	0.173711	0.028125	16.1907	433	218
1464.38	0.173711	0.028125	16.1907	433	218
1465.9	0.173711	0.028125	16.1907	433	218
1467.44	0.173711	0.028125	16.1907	433	218
1469.03	0.173711	0.028125	16.1907	433	218
1470.68	0.173711	0.028125	16.1907	433	218
1472.18	0.173711	0.028125	16.1907	433	218
1473.71	0.173711	0.028125	16.1907	433	218
1475.2	0.173711	0.028125	16.1907	433	218
1476.72	0.173711	0.028125	16.1907	433	218
1478.26	0.173711	0.028125	16.1907	433	218
1479.81	0.173711	0.028125	16.1907	433	218
1481.38	0.173711	0.028125	16.1907	433	218
1482.82	0.173711	0.028125	16.1907	433	218
1484.28	0.173711	0.028125	16.1907	433	218
1485.83	0.173711	0.028125	16.1907	433	218
1487.32	0.173711	0.028125	16.1907	433	218
1488.86	0.173711	0.028125	16.1907	433	218
1489.98	0.173711	0.028125	16.1907	433	218
