47.28	0.0506295	0.018625	36.7869	511	149
55.807	0.184254	0.0195	10.5832	408	156
72.473	0.184552	0.016875	9.14377	515	128
84.766	0.199933	0.017125	8.56539	389	137
99.24	0.204228	0.017125	8.38523	653	130
115.031	0.204257	0.01725	8.44525	674	131
131.815	0.230387	0.019125	8.30126	883	153
148.983	0.230621	0.019125	8.29283	823	153
153.099	0.230621	0.019125	8.29283	823	153
158.301	0.230621	0.019125	8.29283	823	153
163.534	0.230621	0.019125	8.29283	823	153
168.603	0.230621	0.019125	8.29283	823	153
173.766	0.230621	0.019125	8.29283	823	153
179.068	0.230621	0.019125	8.29283	823	153
184.316	0.230621	0.019125	8.29283	823	153
189.541	0.230621	0.019125	8.29283	823	153
196.956	0.230621	0.019125	8.29283	823	153
207.555	0.230621	0.019125	8.29283	823	153
215.759	0.922362	0.033125	3.59132	1185	258
226.079	0.922365	0.121374	13.159	2417	964
235.821	0.922365	0.122749	13.3081	1801	975
244.607	0.922365	0.122749	13.3081	1804	975
251.837	0.922365	0.122749	13.3081	1804	975
261.657	0.922365	0.143875	15.5985	2313	1144
264.433	0.922365	0.143875	15.5985	2313	1144
274.816	0.922365	0.144	15.612	3310	1152
285.657	0.922365	0.144	15.612	2457	1152
291.922	0.922365	0.144	15.612	2457	1152
295.406	0.922365	0.144	15.612	2457	1152
300.351	0.922365	0.144	15.612	2457	1152
305.015	0.922365	0.144	15.612	2457	1152
313.069	0.922365	0.144	15.612	2457	1152
316.375	0.922365	0.144	15.612	2457	1152
318.676	0.922365	0.144	15.612	2457	1152
322.267	0.922365	0.144	15.612	2457	1152
325.689	0.922365	0.144	15.612	2457	1152
330.143	0.922365	0.144	15.612	2457	1152
342.675	0.922365	0.144	15.612	2457	1152
355.09	0.922365	0.144	15.612	2457	1152
368.036	0.922365	0.144	15.612	2457	1152
381.47	0.922365	0.144	15.612	2457	1152
393.802	0.922459	0.144125	15.624	2802	1153
405.25	0.922459	0.144125	15.624	2627	1153
416.945	0.922459	0.144125	15.624	2602	1146
428.561	0.922459	0.144125	15.624	2588	1146
434.954	0.922459	0.144125	15.624	2588	1146
437.296	0.922459	0.144125	15.624	2588	1146
439.626	0.922459	0.144125	15.624	2588	1146
441.857	0.922459	0.144125	15.624	2588	1146
445.619	0.922459	0.144125	15.624	2588	1146
450.674	0.922459	0.144375	15.6511	2560	1148
455.657	0.922459	0.144375	15.6511	2560	1148
460.648	0.922462	0.144375	15.651	2560	1148
465.698	0.922488	0.144375	15.6506	2560	1148
475.313	0.922777	0.144375	15.6457	2618	1155
488.028	0.922777	0.144375	15.6457	2618	1155
491.249	0.922777	0.144375	15.6457	2618	1155
496.577	0.922777	0.144375	15.6457	2618	1155
499.024	0.922777	0.144375	15.6457	2618	1155
505.867	0.922777	0.144375	15.6457	2618	1155
515.572	0.922777	0.144375	15.6457	2618	1155
524.648	0.922777	0.144375	15.6457	2618	1155
534.87	0.922777	0.144375	15.6457	2618	1155
544.728	0.922777	0.144375	15.6457	2618	1155
553.792	0.922777	0.144375	15.6457	2618	1155
563.847	0.922777	0.144375	15.6457	2618	1155
574.162	0.922777	0.144375	15.6457	2618	1155
583.39	0.922777	0.144375	15.6457	2618	1155
594.656	0.922777	0.144375	15.6457	2618	1155
604.669	0.922777	0.144375	15.6457	2618	1155
613.627	0.922777	0.144375	15.6457	2618	1155
619.646	0.922777	0.144375	15.6457	2618	1155
630.405	0.922777	0.144375	15.6457	2579	1148
641.236	0.922777	0.144375	15.6457	2551	1148
652.46	0.922777	0.144375	15.6457	2552	1148
654.787	0.922777	0.144375	15.6457	2552	1148
657.75	0.922777	0.144375	15.6457	2552	1148
663.522	0.922777	0.144375	15.6457	2552	1148
670.07	0.922777	0.144375	15.6457	2552	1148
677.833	0.922777	0.144375	15.6457	2552	1148
685.119	0.922777	0.144375	15.6457	2552	1148
696.245	0.922777	0.144375	15.6457	2552	1148
713.346	0.922777	0.144375	15.6457	3146	1155
730.805	0.922777	0.144375	15.6457	2773	1155
736.346	0.922777	0.144375	15.6457	2773	1155
738.5	0.922777	0.144375	15.6457	2773	1155
749.864	0.922777	0.144375	15.6457	2828	1148
760.109	0.922777	0.144375	15.6457	2828	1148
770.299	0.922777	0.144375	15.6457	2828	1148
780.543	0.922777	0.144375	15.6457	2828	1148
790.797	0.922777	0.144375	15.6457	2828	1148
801.343	0.922777	0.144375	15.6457	2828	1148
810.768	0.922777	0.144375	15.6457	2828	1148
819.766	0.922777	0.144375	15.6457	2828	1148
828.715	0.922777	0.144375	15.6457	2828	1148
840.18	0.922777	0.144375	15.6457	2828	1148
851.679	0.922777	0.144375	15.6457	2828	1148
861.48	0.922777	0.144375	15.6457	2828	1148
871.471	0.922777	0.144375	15.6457	2828	1148
874.642	0.922777	0.144375	15.6457	2828	1148
