90.409	0.241383	0.0175	7.24989	1079	140
107.379	0.241461	0.01775	7.35108	1234	142
119.501	0.241461	0.01775	7.35108	1234	142
127.531	0.241461	0.01775	7.35108	1234	142
136.098	0.241461	0.01775	7.35108	1234	142
145.58	0.241461	0.01775	7.35108	1234	142
150.051	0.241461	0.01775	7.35108	1234	142
152.345	0.241461	0.01775	7.35108	1234	142
155.047	0.241461	0.01775	7.35108	1234	142
158.947	0.241461	0.01775	7.35108	1234	142
162.127	0.241461	0.01775	7.35108	1234	142
165.424	0.241461	0.01775	7.35108	1234	142
171.134	0.241461	0.01775	7.35108	1234	142
177.199	0.241461	0.01775	7.35108	1234	142
179.372	0.241461	0.01775	7.35108	1234	142
182.189	0.241461	0.01775	7.35108	1234	142
192.686	0.241461	0.01775	7.35108	1234	142
200.795	0.241461	0.01775	7.35108	1234	142
208.717	0.241461	0.01775	7.35108	1234	142
215.977	0.241461	0.01775	7.35108	1234	142
223.215	0.241461	0.01775	7.35108	1234	142
230.172	0.241461	0.01775	7.35108	1234	142
240.515	0.241461	0.01775	7.35108	1234	142
249.46	0.241461	0.01775	7.35108	1234	142
264.803	0.243055	0.017875	7.35432	1474	143
280.173	0.243055	0.017875	7.35432	1409	143
298.079	0.243055	0.017875	7.35432	1527	143
316.501	0.24309	0.017875	7.35326	1422	143
333.245	0.24309	0.017875	7.35326	1422	143
337.892	0.24309	0.017875	7.35326	1422	143
342.75	0.24309	0.017875	7.35326	1422	143
347.469	0.24309	0.017875	7.35326	1422	143
352.277	0.24309	0.017875	7.35326	1422	143
357.739	0.24309	0.017875	7.35326	1422	143
363.337	0.24309	0.017875	7.35326	1422	143
368.754	0.24309	0.017875	7.35326	1422	143
374.295	0.24309	0.017875	7.35326	1422	143
379.643	0.24309	0.017875	7.35326	1422	143
385.075	0.24309	0.017875	7.35326	1422	143
390.505	0.24309	0.017875	7.35326	1422	143
395.885	0.24309	0.017875	7.35326	1422	143
401.093	0.24309	0.017875	7.35326	1422	143
405.22	0.24309	0.017875	7.35326	1422	143
408.087	0.24309	0.017875	7.35326	1422	143
410.764	0.24309	0.017875	7.35326	1422	143
412.447	0.24309	0.017875	7.35326	1422	143
416.026	0.24309	0.017875	7.35326	1422	143
428.355	0.24309	0.017875	7.35326	1532	143
444.659	0.243158	0.017875	7.35119	1429	143
461.701	0.243158	0.017875	7.35119	1429	143
478.698	0.243158	0.017875	7.35119	1429	143
496.576	0.243218	0.017875	7.34937	1429	143
514.956	0.243218	0.017875	7.34937	1429	143
533.278	0.243218	0.017875	7.34937	1429	143
551.756	0.243218	0.017875	7.34937	1429	143
559.337	0.243219	0.017875	7.34936	1499	143
572.32	0.243219	0.017875	7.34936	1499	143
583.283	0.243219	0.017875	7.34936	1499	143
594.312	0.243219	0.017875	7.34936	1499	143
605.538	0.243219	0.017875	7.34936	1499	143
616.306	0.243219	0.017875	7.34936	1499	143
625.833	0.243219	0.017875	7.34936	1499	143
635.664	0.243219	0.017875	7.34936	1499	143
639.231	0.243219	0.017875	7.34936	1499	143
642.386	0.243219	0.017875	7.34936	1499	143
645.398	0.243219	0.017875	7.34936	1499	143
650.984	0.243219	0.017875	7.34936	1499	143
655.42	0.243219	0.017875	7.34936	1499	143
688.415	0.243219	0.017875	7.34936	1499	143
691.386	0.243219	0.017875	7.34936	1499	143
704.073	0.243219	0.017875	7.34936	1499	143
706.397	0.243219	0.017875	7.34936	1499	143
708.459	0.243219	0.017875	7.34936	1499	143
710.413	0.243219	0.017875	7.34936	1499	143
714.456	0.243219	0.017875	7.34936	1499	143
722.466	0.243219	0.017875	7.34936	1415	143
722.466	0.243219	0.017875	7.34936	1541	143
112.38	0.241264	0.021875	9.06683	1150	175
124.608	0.241264	0.021875	9.06683	1150	175
134.09	0.241264	0.021875	9.06683	1150	175
145.315	0.241264	0.021875	9.06683	1150	175
149.334	0.241264	0.021875	9.06683	1150	175
152.534	0.241264	0.021875	9.06683	1150	175
155.945	0.241264	0.021875	9.06683	1150	175
159.33	0.241264	0.021875	9.06683	1150	175
162.593	0.241264	0.021875	9.06683	1150	175
167.907	0.241264	0.021875	9.06683	1150	175
170.831	0.241264	0.021875	9.06683	1150	175
175.593	0.241264	0.021875	9.06683	1150	175
185.288	0.241264	0.021875	9.06683	1150	175
191.828	0.241264	0.021875	9.06683	1150	175
197.416	0.241264	0.021875	9.06683	1150	175
203.007	0.241264	0.021875	9.06683	1150	175
209.718	0.241264	0.021875	9.06683	1150	175
215.619	0.241264	0.021875	9.06683	1150	175
221.287	0.241264	0.021875	9.06683	1150	175
227.192	0.241264	0.021875	9.06683	1150	175
234.08	0.241264	0.021875	9.06683	1150	175
239.939	0.241264	0.021875	9.06683	1150	175
247.301	0.241264	0.021875	9.06683	1150	175
254.478	0.241264	0.021875	9.06683	1150	175
264.599	0.241264	0.021875	9.06683	1150	175
274.966	0.241264	0.021875	9.06683	1150	175
279.746	0.241264	0.021875	9.06683	1150	175
295.833	0.24142	0.021875	9.06099	1071	175
311.996	0.241669	0.021875	9.05163	1137	175
328.933	0.241671	0.021875	9.05156	1144	175
352.662	0.243288	0.021875	8.99142	1137	175
358.499	0.243288	0.021875	8.99142	1137	175
363.947	0.243288	0.021875	8.99142	1137	175
369.309	0.243288	0.021875	8.99142	1137	175
375.054	0.243288	0.021875	8.99142	1137	175
380.61	0.243288	0.021875	8.99142	1137	175
386.521	0.243288	0.021875	8.99142	1137	175
391.161	0.243288	0.021875	8.99142	1137	175
396.733	0.243288	0.021875	8.99142	1137	175
401.359	0.243288	0.021875	8.99142	1137	175
404.337	0.243288	0.021875	8.99142	1137	175
416.746	0.243288	0.021875	8.99142	1137	175
428.206	0.243288	0.021875	8.99142	1137	175
439.672	0.243288	0.021875	8.99142	1137	175
451.308	0.243288	0.021875	8.99142	1137	175
463.047	0.243288	0.021875	8.99142	1137	175
474.808	0.243288	0.021875	8.99142	1137	175
486.765	0.243288	0.021875	8.99142	1137	175
498.943	0.243288	0.021875	8.99142	1137	175
510.605	0.243288	0.021875	8.99142	1137	175
533.968	0.243354	0.021875	8.98897	1198	175
550.875	0.243354	0.021875	8.98897	1198	175
562.079	0.243354	0.021875	8.98897	1198	175
572.737	0.243354	0.021875	8.98897	1198	175
583.415	0.243354	0.021875	8.98897	1198	175
593.78	0.243354	0.021875	8.98897	1198	175
603.963	0.243354	0.021875	8.98897	1198	175
615.921	0.243354	0.021875	8.98897	1198	175
623.532	0.243354	0.021875	8.98897	1198	175
625.341	0.243354	0.021875	8.98897	1198	175
630.967	0.243354	0.021875	8.98897	1198	175
636.362	0.243354	0.021875	8.98897	1198	175
640.666	0.243354	0.021875	8.98897	1198	175
666.967	0.243354	0.021875	8.98897	1198	175
682.342	0.243354	0.021875	8.98897	1198	175
684.383	0.243354	0.021875	8.98897	1198	175
686.534	0.243354	0.021875	8.98897	1198	175
688.504	0.243354	0.021875	8.98897	1198	175
692.62	0.243354	0.021875	8.98897	1198	175
696.525	0.243354	0.021875	8.98897	1198	175
710.225	0.243428	0.021875	8.98624	1217	175
733.204	0.243428	0.021875	8.98624	1222	175
741.221	0.243428	0.021875	8.98624	1222	175
749.025	0.243428	0.021875	8.98624	1222	175
754.763	0.243428	0.021875	8.98624	1222	175
758.841	0.243428	0.021875	8.98624	1222	175
767.231	0.243428	0.021875	8.98624	1222	175
775.436	0.243428	0.021875	8.98624	1222	175
783.782	0.243428	0.021875	8.98624	1222	175
792.123	0.243428	0.021875	8.98624	1222	175
800.46	0.243428	0.021875	8.98624	1222	175
809.039	0.243428	0.021875	8.98624	1222	175
817.604	0.243428	0.021875	8.98624	1222	175
827.247	0.243428	0.021875	8.98624	1222	175
836.332	0.243428	0.021875	8.98624	1222	175
844.841	0.243428	0.021875	8.98624	1222	175
853.487	0.243428	0.021875	8.98624	1222	175
856.582	0.243428	0.021875	8.98624	1222	175
858.813	0.243428	0.021875	8.98624	1222	175
862.845	0.243428	0.021875	8.98624	1222	175
866.212	0.243428	0.021875	8.98624	1222	175
879.907	0.243428	0.021875	8.98624	1222	175
886.917	0.243428	0.021875	8.98624	1222	175
893.748	0.243428	0.021875	8.98624	1222	175
900.624	0.243428	0.021875	8.98624	1222	175
907.801	0.243428	0.021875	8.98624	1222	175
914.961	0.243428	0.021875	8.98624	1222	175
921.853	0.243428	0.021875	8.98624	1222	175
928.584	0.243428	0.021875	8.98624	1222	175
936.813	0.243428	0.021875	8.98624	1222	175
943.553	0.243428	0.021875	8.98624	1222	175
951.871	0.243428	0.021875	8.98624	1222	175
958.971	0.243428	0.021875	8.98624	1222	175
970.247	0.243428	0.021875	8.98624	1222	175
979.849	0.243428	0.021875	8.98624	1222	175
989.345	0.243428	0.021875	8.98624	1222	175
993.707	0.243428	0.021875	8.98624	1222	175
1016.39	0.243535	0.021875	8.9823	1224	175
1036.58	0.243535	0.021875	8.9823	1476	175
1056.88	0.243535	0.021875	8.9823	1476	175
1076.95	0.243535	0.021875	8.9823	1476	175
1098.12	0.243535	0.021875	8.9823	1476	175
1103.24	0.243535	0.021875	8.9823	1476	175
1108.56	0.243535	0.021875	8.9823	1476	175
1118.86	0.243535	0.021875	8.9823	1476	175
1123.78	0.243535	0.021875	8.9823	1476	175
1129.4	0.243535	0.021875	8.9823	1476	175
1135.04	0.243535	0.021875	8.9823	1476	175
1141.22	0.243535	0.021875	8.9823	1476	175
1146.9	0.243535	0.021875	8.9823	1476	175
1152.39	0.243535	0.021875	8.9823	1476	175
1157.35	0.243535	0.021875	8.9823	1476	175
1162.83	0.243535	0.021875	8.9823	1476	175
1168.18	0.243535	0.021875	8.9823	1476	175
1172.99	0.243535	0.021875	8.9823	1476	175
1178.3	0.243535	0.021875	8.9823	1476	175
1183.17	0.243535	0.021875	8.9823	1476	175
1188.56	0.243535	0.021875	8.9823	1476	175
1193.88	0.243535	0.021875	8.9823	1476	175
1199.64	0.243535	0.021875	8.9823	1476	175
1204.59	0.243535	0.021875	8.9823	1476	175
1210.08	0.243535	0.021875	8.9823	1476	175
1215.15	0.243535	0.021875	8.9823	1476	175
1220.9	0.243535	0.021875	8.9823	1476	175
1225.8	0.243535	0.021875	8.9823	1476	175
1230.8	0.243535	0.021875	8.9823	1476	175
1235.83	0.243535	0.021875	8.9823	1476	175
1241.4	0.243535	0.021875	8.9823	1476	175
1246.44	0.243535	0.021875	8.9823	1476	175
1251.38	0.243535	0.021875	8.9823	1476	175
1256.44	0.243535	0.021875	8.9823	1476	175
1259.54	0.243535	0.021875	8.9823	1476	175
1272.86	0.243535	0.021875	8.9823	1476	175
1276.41	0.243535	0.021875	8.9823	1476	175
1280.43	0.243535	0.021875	8.9823	1476	175
1284.72	0.243535	0.021875	8.9823	1476	175
1289.47	0.243535	0.021875	8.9823	1476	175
1294.57	0.243535	0.021875	8.9823	1476	175
1298.11	0.243535	0.021875	8.9823	1476	175
1301.69	0.243535	0.021875	8.9823	1476	175
1305.79	0.243535	0.021875	8.9823	1476	175
1309.6	0.243535	0.021875	8.9823	1476	175
1313.31	0.243535	0.021875	8.9823	1476	175
1317.01	0.243535	0.021875	8.9823	1476	175
1320.93	0.243535	0.021875	8.9823	1476	175
1325.51	0.243535	0.021875	8.9823	1476	175
1329.68	0.243535	0.021875	8.9823	1476	175
1334.6	0.243535	0.021875	8.9823	1476	175
1338.84	0.243535	0.021875	8.9823	1476	175
1342.94	0.243535	0.021875	8.9823	1476	175
1346.68	0.243535	0.021875	8.9823	1476	175
1350.35	0.243535	0.021875	8.9823	1476	175
1354.18	0.243535	0.021875	8.9823	1476	175
1359.27	0.243535	0.021875	8.9823	1476	175
1362.86	0.243535	0.021875	8.9823	1476	175
1366.71	0.243535	0.021875	8.9823	1476	175
1371	0.243535	0.021875	8.9823	1476	175
1375.62	0.243535	0.021875	8.9823	1476	175
1379.19	0.243535	0.021875	8.9823	1476	175
1383.62	0.243535	0.021875	8.9823	1476	175
1387.33	0.243535	0.021875	8.9823	1476	175
1390.76	0.243535	0.021875	8.9823	1476	175
1394.31	0.243535	0.021875	8.9823	1476	175
1398.7	0.243535	0.021875	8.9823	1476	175
1403.87	0.243535	0.021875	8.9823	1476	175
1407.82	0.243535	0.021875	8.9823	1476	175
1412.14	0.243535	0.021875	8.9823	1476	175
1416.28	0.243535	0.021875	8.9823	1476	175
1420.75	0.243535	0.021875	8.9823	1476	175
1430.24	0.243535	0.021875	8.9823	1476	175
1433.81	0.243535	0.021875	8.9823	1476	175
1437.31	0.243535	0.021875	8.9823	1476	175
1449.67	0.243535	0.021875	8.9823	1476	175
1462.2	0.243535	0.021875	8.9823	1476	175
1464.24	0.243535	0.021875	8.9823	1476	175
1489.07	0.243552	0.021875	8.98166	1413	175
1508.55	0.243552	0.021875	8.98166	1413	175
1526.79	0.243552	0.021875	8.98166	1413	175
1545.15	0.243552	0.021875	8.98166	1413	175
1564.53	0.243552	0.021875	8.98166	1413	175
1584.05	0.243552	0.021875	8.98166	1413	175
1593.95	0.243552	0.021875	8.98166	1413	175
1605.84	0.243552	0.021875	8.98166	1413	175
1616.94	0.243552	0.021875	8.98166	1413	175
1628.76	0.243552	0.021875	8.98166	1413	175
1640.26	0.243552	0.021875	8.98166	1413	175
1645.11	0.243552	0.021875	8.98166	1413	175
