162.962	0.00875383	0.005	57.1179	24	40
167.025	0.00875383	0.005	57.1179	24	40
170.053	0.00875383	0.005	57.1179	24	40
173.984	0.00875383	0.005	57.1179	24	40
178.729	0.00875383	0.005	57.1179	24	40
187.195	0.00875383	0.005	57.1179	24	40
193.558	0.00875383	0.005	57.1179	24	40
194.644	0.00875383	0.005	57.1179	24	40
194.644	0.00875383	0.005	57.1179	24	40
150.189	0.0398992	0.010875	27.2562	87	87
152.474	0.0398992	0.010875	27.2562	87	87
155.173	0.0398992	0.010875	27.2562	87	87
159.068	0.0398992	0.010875	27.2562	87	87
162.249	0.0398992	0.010875	27.2562	87	87
165.548	0.0398992	0.010875	27.2562	87	87
171.268	0.0398992	0.010875	27.2562	87	87
177.327	0.0398992	0.010875	27.2562	87	87
179.501	0.0398992	0.010875	27.2562	87	87
182.305	0.0398992	0.010875	27.2562	87	87
192.805	0.0398992	0.010875	27.2562	87	87
200.91	0.0398992	0.010875	27.2562	87	87
208.849	0.0398992	0.010875	27.2562	87	87
216.091	0.0398992	0.010875	27.2562	87	87
223.331	0.0398992	0.010875	27.2562	87	87
230.295	0.0398992	0.010875	27.2562	87	87
240.638	0.0671032	0.0145	21.6085	120	116
249.579	0.0671493	0.01725	25.689	118	138
264.951	0.068609	0.018	26.2356	160	144
280.323	0.068609	0.018	26.2356	136	144
298.242	0.068609	0.018	26.2356	136	144
316.669	0.068609	0.018	26.2356	136	144
333.425	0.068609	0.018	26.2356	136	144
338.067	0.068609	0.018	26.2356	136	144
342.927	0.068609	0.018	26.2356	136	144
347.664	0.068609	0.018	26.2356	136	144
352.46	0.068609	0.018	26.2356	136	144
357.911	0.068609	0.018	26.2356	136	144
363.508	0.068609	0.018	26.2356	136	144
368.943	0.068609	0.018	26.2356	136	144
374.476	0.068609	0.018	26.2356	136	144
379.818	0.068609	0.018	26.2356	136	144
385.257	0.068609	0.018	26.2356	136	144
390.686	0.068609	0.018	26.2356	136	144
396.062	0.068609	0.018	26.2356	136	144
401.288	0.068609	0.018	26.2356	136	144
405.401	0.068609	0.018	26.2356	136	144
408.274	0.068609	0.018	26.2356	136	144
410.943	0.068609	0.018	26.2356	136	144
412.632	0.068609	0.018	26.2356	136	144
416.201	0.068609	0.018	26.2356	136	144
428.547	0.068609	0.018	26.2356	331	144
444.869	0.0686092	0.018	26.2356	434	144
461.922	0.0686092	0.018	26.2356	490	144
478.929	0.0686092	0.018	26.2356	498	144
496.8	0.0686092	0.018	26.2356	498	144
515.186	0.0686092	0.018	26.2356	498	144
533.51	0.0686092	0.018	26.2356	498	144
551.98	0.0686092	0.018	26.2356	498	144
559.476	0.0686092	0.018	26.2356	498	144
572.458	0.0686179	0.018375	26.7788	506	147
583.422	0.0686195	0.022625	32.9717	551	181
594.447	0.0686195	0.022625	32.9717	551	181
605.678	0.0686195	0.022625	32.9717	551	181
616.437	0.0686195	0.022625	32.9717	551	181
626.096	0.0686195	0.022625	32.9717	551	181
635.805	0.0686195	0.022625	32.9717	551	181
639.369	0.0686195	0.022625	32.9717	551	181
642.521	0.0686195	0.022625	32.9717	551	181
645.535	0.0686195	0.022625	32.9717	551	181
651.127	0.0686195	0.022625	32.9717	551	181
655.561	0.0686195	0.022625	32.9717	551	181
688.573	0.0686195	0.022625	32.9717	551	181
691.519	0.0686195	0.022625	32.9717	551	181
704.209	0.0686195	0.022625	32.9717	544	181
706.546	0.0686195	0.022625	32.9717	544	181
708.601	0.0686195	0.022625	32.9717	544	181
710.565	0.0686195	0.022625	32.9717	544	181
714.595	0.0686348	0.022625	32.9644	537	181
722.466	0.0686348	0.022625	32.9644	537	181
722.466	0.0686348	0.022625	32.9644	537	181
2.451	0.0659945	0.015625	23.6762	387	125
149.51	0.0147076	0.00787499	53.5439	30	63
152.722	0.0147076	0.00787499	53.5439	30	63
156.143	0.0147076	0.00787499	53.5439	30	63
159.534	0.0147076	0.00787499	53.5439	30	63
162.781	0.0147076	0.00787499	53.5439	30	63
168.096	0.0147076	0.00787499	53.5439	30	63
171.022	0.0147076	0.00787499	53.5439	30	63
175.781	0.0147076	0.00787499	53.5439	30	63
185.466	0.0147076	0.00787499	53.5439	30	63
192.015	0.0147076	0.00787499	53.5439	30	63
197.584	0.0147076	0.00787499	53.5439	30	63
203.19	0.0147076	0.00787499	53.5439	30	63
209.905	0.0147076	0.00787499	53.5439	30	63
215.784	0.0147076	0.00787499	53.5439	30	63
221.471	0.0147076	0.00787499	53.5439	30	63
227.385	0.0147076	0.00787499	53.5439	30	63
234.263	0.0147076	0.00787499	53.5439	30	63
240.125	0.0147076	0.00787499	53.5439	30	63
247.511	0.0147076	0.00787499	53.5439	30	63
254.651	0.0147076	0.00787499	53.5439	30	63
264.786	0.0666246	0.009625	14.4466	53	77
275.159	0.0670353	0.012	17.901	88	96
279.921	0.0670353	0.017	25.3598	96	136
296.047	0.0670353	0.017	25.3598	96	136
312.338	0.0670353	0.017	25.3598	96	136
329.182	0.0670353	0.017	25.3598	96	136
352.904	0.0670353	0.017	25.3598	96	136
358.77	0.0670353	0.017	25.3598	96	136
364.192	0.0670353	0.017	25.3598	96	136
369.581	0.0670353	0.017	25.3598	96	136
375.299	0.0670353	0.017	25.3598	96	136
380.863	0.0670353	0.017	25.3598	96	136
386.82	0.0670353	0.017	25.3598	96	136
391.417	0.0670353	0.017	25.3598	96	136
396.997	0.0670353	0.017	25.3598	96	136
401.629	0.0670353	0.017	25.3598	96	136
404.566	0.0670353	0.017	25.3598	96	136
417.041	0.0676121	0.017	25.1435	443	136
428.48	0.0676122	0.017	25.1434	373	136
439.957	0.0676337	0.017	25.1354	532	136
451.588	0.0676506	0.017	25.1291	532	136
463.343	0.0676901	0.017	25.1145	532	136
475.09	0.0677103	0.017	25.107	532	136
487.037	0.0677104	0.017	25.107	532	136
499.225	0.0677306	0.017	25.0995	532	136
510.876	0.0677516	0.017	25.0917	532	136
534.235	0.0677516	0.017	25.0917	532	136
551.12	0.0677516	0.017	25.0917	532	136
562.347	0.0691924	0.021125	30.5309	591	169
573.034	0.0691924	0.021625	31.2535	591	173
583.7	0.069214	0.021625	31.2437	598	173
594.055	0.0692252	0.021625	31.2386	591	173
604.233	0.0692273	0.021625	31.2377	591	173
616.186	0.0692308	0.021625	31.2361	577	173
623.792	0.0692308	0.021625	31.2361	577	173
625.577	0.0692308	0.021625	31.2361	577	173
631.232	0.0692308	0.021625	31.2361	577	173
636.615	0.0692308	0.021625	31.2361	577	173
640.934	0.0692308	0.021625	31.2361	577	173
667.215	0.0692308	0.021625	31.2361	577	173
682.596	0.0692308	0.024125	34.8473	581	193
684.653	0.0692308	0.024125	34.8473	581	193
686.79	0.0692308	0.024125	34.8473	581	193
688.746	0.0692308	0.024125	34.8473	581	193
692.863	0.0692308	0.024125	34.8473	574	158
696.772	0.0692308	0.024125	34.8473	574	158
710.467	0.0692308	0.024125	34.8473	581	158
733.517	0.0692308	0.024125	34.8473	682	165
741.532	0.0692308	0.024125	34.8473	619	158
749.334	0.0692308	0.024125	34.8473	619	158
755.069	0.0692308	0.024125	34.8473	605	158
759.137	0.0692308	0.024125	34.8473	605	158
767.516	0.0692308	0.024125	34.8473	605	158
775.736	0.0692308	0.024125	34.8473	605	158
784.083	0.0692308	0.024125	34.8473	605	158
792.419	0.0692308	0.024125	34.8473	605	158
800.761	0.0692308	0.024125	34.8473	605	158
809.336	0.0692308	0.024125	34.8473	605	158
817.903	0.0692308	0.024125	34.8473	605	158
827.596	0.0692308	0.024125	34.8473	605	158
836.627	0.0692308	0.024125	34.8473	605	158
845.145	0.0692308	0.024125	34.8473	605	158
853.808	0.0692308	0.024125	34.8473	605	158
856.905	0.0692308	0.024125	34.8473	605	158
859.103	0.0692308	0.024125	34.8473	605	158
863.131	0.0692308	0.024125	34.8473	605	158
866.528	0.0692308	0.024125	34.8473	605	158
880.205	0.0692308	0.024125	34.8473	605	158
887.202	0.0692308	0.024125	34.8473	605	158
894.024	0.0692308	0.024125	34.8473	605	158
900.915	0.0692308	0.024125	34.8473	605	158
908.089	0.0692308	0.024125	34.8473	605	158
915.255	0.0692308	0.024125	34.8473	605	158
922.149	0.0692308	0.024125	34.8473	605	158
928.869	0.0692308	0.024125	34.8473	605	158
937.103	0.0692308	0.024125	34.8473	605	158
943.846	0.0692308	0.024125	34.8473	605	158
952.158	0.0692308	0.024125	34.8473	605	158
959.255	0.0692308	0.024125	34.8473	605	158
970.547	0.0692308	0.024125	34.8473	605	158
980.158	0.0692308	0.024125	34.8473	612	158
989.656	0.0692308	0.024125	34.8473	605	158
993.998	0.0692308	0.024125	34.8473	605	158
1016.75	0.0692308	0.024125	34.8473	605	158
1036.92	0.0692308	0.024125	34.8473	605	158
1057.18	0.0692308	0.024125	34.8473	605	158
1077.26	0.0692308	0.024125	34.8473	605	158
1098.43	0.0692308	0.024125	34.8473	605	158
1103.56	0.0692308	0.024125	34.8473	605	158
1108.9	0.0692308	0.024125	34.8473	605	158
1119.17	0.0692308	0.024125	34.8473	605	158
1124.09	0.0692308	0.024125	34.8473	605	158
1129.77	0.0692308	0.024125	34.8473	605	158
1135.42	0.0692308	0.024125	34.8473	605	158
1141.6	0.0692308	0.024125	34.8473	605	158
1147.26	0.0692308	0.024125	34.8473	605	158
1152.7	0.0692308	0.024125	34.8473	605	158
1157.67	0.0692308	0.024125	34.8473	605	158
1163.15	0.0692308	0.024125	34.8473	605	158
1168.5	0.0692308	0.024125	34.8473	605	158
1173.31	0.0692308	0.024125	34.8473	605	158
1178.61	0.0692308	0.024125	34.8473	605	158
1183.48	0.0692308	0.024125	34.8473	605	158
1188.87	0.0692308	0.024125	34.8473	605	158
1194.68	0.0692308	0.024125	34.8473	605	158
1199.95	0.0692308	0.024125	34.8473	605	158
1204.9	0.0692308	0.024125	34.8473	605	158
1210.39	0.0692308	0.024125	34.8473	605	158
1215.48	0.0692308	0.024125	34.8473	605	158
1221.22	0.0692308	0.024125	34.8473	605	158
1226.11	0.0692308	0.024125	34.8473	605	158
1231.12	0.0692308	0.024125	34.8473	605	158
1236.15	0.0692308	0.024125	34.8473	605	158
1241.71	0.0692308	0.024125	34.8473	605	158
1246.77	0.0692308	0.024125	34.8473	605	158
1251.69	0.0692308	0.024125	34.8473	605	158
1256.76	0.0692308	0.024125	34.8473	605	158
1259.88	0.0692308	0.024125	34.8473	605	158
1273.16	0.0692308	0.024125	34.8473	605	158
1276.72	0.0692308	0.024125	34.8473	605	158
1280.79	0.0692308	0.024125	34.8473	605	158
1285.03	0.0692308	0.024125	34.8473	605	158
1289.83	0.0692308	0.024125	34.8473	605	158
1294.93	0.0692308	0.024125	34.8473	605	158
1298.41	0.0692308	0.024125	34.8473	605	158
1302	0.0692308	0.024125	34.8473	605	158
1306.12	0.0692308	0.024125	34.8473	605	158
1309.93	0.0692308	0.024125	34.8473	605	158
1313.64	0.0692308	0.024125	34.8473	605	158
1317.34	0.0692308	0.024125	34.8473	605	158
1321.23	0.0692308	0.024125	34.8473	605	158
1325.84	0.0692308	0.024125	34.8473	605	158
1330.46	0.0692308	0.024125	34.8473	605	158
1334.92	0.0692308	0.024125	34.8473	605	158
1339.15	0.0692308	0.024125	34.8473	605	158
1343.26	0.0692308	0.024125	34.8473	605	158
1346.99	0.0692308	0.024125	34.8473	605	158
1350.67	0.0692308	0.024125	34.8473	605	158
1354.54	0.0692308	0.024125	34.8473	605	158
1359.58	0.0692308	0.024125	34.8473	605	158
1363.16	0.0692308	0.024125	34.8473	605	158
1367.04	0.0692308	0.024125	34.8473	605	158
1371.31	0.0692308	0.024125	34.8473	605	158
1375.91	0.0692308	0.024125	34.8473	605	158
1379.49	0.0692308	0.024125	34.8473	605	158
1383.92	0.0692308	0.024125	34.8473	605	158
1387.64	0.0692308	0.024125	34.8473	605	158
1391.05	0.0692308	0.024125	34.8473	605	158
1394.62	0.0692308	0.024125	34.8473	605	158
1399.02	0.0692308	0.024125	34.8473	605	158
1404.27	0.0692308	0.024125	34.8473	605	158
1408.13	0.0692308	0.024125	34.8473	605	158
1412.45	0.0692308	0.024125	34.8473	605	158
1416.59	0.0692308	0.024125	34.8473	605	158
1421.07	0.0692308	0.024125	34.8473	605	158
1430.57	0.0692308	0.024125	34.8473	605	158
1434.14	0.0692308	0.024125	34.8473	605	158
1437.62	0.0692308	0.024125	34.8473	605	158
1450	0.0692308	0.024125	34.8473	619	158
1462.52	0.0692308	0.024125	34.8473	619	158
1464.53	0.0692308	0.024125	34.8473	619	158
1489.4	0.0692308	0.024125	34.8473	719	172
1508.89	0.0692308	0.024125	34.8473	719	172
1527.12	0.0692308	0.024125	34.8473	719	172
1545.49	0.0692308	0.024125	34.8473	719	172
1564.85	0.0692308	0.024125	34.8473	719	172
1584.37	0.0692308	0.024125	34.8473	719	172
1594.29	0.0692308	0.024125	34.8473	719	172
1606.15	0.0692308	0.024125	34.8473	719	172
1617.25	0.0692308	0.024125	34.8473	719	172
1629.06	0.0692308	0.024125	34.8473	719	172
1640.56	0.0692308	0.024125	34.8473	719	172
1645.11	0.0692308	0.024125	34.8473	719	172
