90.38	0.135905	0.01975	14.5322	661	158
107.345	0.14036	0.02025	14.4272	822	162
119.462	0.14036	0.02025	14.4272	822	162
127.498	0.14036	0.02025	14.4272	822	162
136.053	0.14036	0.02025	14.4272	822	162
145.539	0.14036	0.02025	14.4272	822	162
150.007	0.14036	0.02025	14.4272	822	162
152.306	0.14036	0.02025	14.4272	822	162
155.007	0.14036	0.02025	14.4272	822	162
158.91	0.14036	0.02025	14.4272	822	162
162.09	0.14036	0.02025	14.4272	822	162
165.39	0.14036	0.02025	14.4272	822	162
171.095	0.14036	0.02025	14.4272	822	162
177.156	0.14036	0.02025	14.4272	822	162
179.339	0.14036	0.02025	14.4272	822	162
182.161	0.14036	0.02025	14.4272	822	162
192.656	0.14036	0.02025	14.4272	822	162
200.763	0.14036	0.02025	14.4272	822	162
208.682	0.14036	0.02025	14.4272	822	162
215.941	0.14036	0.02025	14.4272	822	162
223.179	0.14036	0.02025	14.4272	822	162
230.135	0.14036	0.02025	14.4272	822	162
240.478	0.14036	0.02025	14.4272	822	162
249.409	0.274316	0.02025	7.38201	890	162
264.74	0.278967	0.02575	9.23048	2412	206
280.107	0.279318	0.02575	9.2189	1838	206
298.004	0.279318	0.02575	9.2189	1838	206
316.428	0.279318	0.02575	9.2189	1838	206
333.148	0.279318	0.02575	9.2189	1838	206
337.8	0.279318	0.02575	9.2189	1838	206
342.646	0.279318	0.02575	9.2189	1838	206
347.373	0.279318	0.02575	9.2189	1838	206
352.184	0.279318	0.02575	9.2189	1838	206
357.647	0.279318	0.02575	9.2189	1838	206
363.247	0.279318	0.02575	9.2189	1838	206
368.662	0.279318	0.02575	9.2189	1838	206
374.204	0.279318	0.02575	9.2189	1838	206
379.55	0.279318	0.02575	9.2189	1838	206
384.981	0.279318	0.02575	9.2189	1838	206
390.413	0.279318	0.02575	9.2189	1838	206
395.789	0.279318	0.02575	9.2189	1838	206
400.996	0.279318	0.02575	9.2189	1838	206
405.125	0.279318	0.02575	9.2189	1838	206
407.991	0.279318	0.02575	9.2189	1838	206
410.657	0.279318	0.02575	9.2189	1838	206
412.349	0.279318	0.02575	9.2189	1838	206
415.935	0.279318	0.02575	9.2189	1838	206
428.262	0.279318	0.026125	9.35315	1784	209
444.556	0.279318	0.026125	9.35315	1638	209
461.606	0.279324	0.026125	9.35296	1617	209
478.6	0.279324	0.026125	9.35296	1610	209
496.489	0.279346	0.026125	9.35221	1617	209
514.851	0.27936	0.026125	9.35176	1617	209
533.186	0.27936	0.026125	9.35174	1617	209
551.65	0.279405	0.026125	9.35023	1610	209
559.23	0.279405	0.026125	9.35023	1610	209
572.22	0.279405	0.026125	9.35023	1610	209
583.178	0.279405	0.026125	9.35023	1610	209
594.2	0.279405	0.026125	9.35023	1610	209
605.428	0.279405	0.026125	9.35023	1610	209
616.203	0.279405	0.026125	9.35023	1610	209
625.7	0.279405	0.026125	9.35023	1610	209
635.556	0.279405	0.026125	9.35023	1610	209
639.129	0.279405	0.026125	9.35023	1610	209
642.283	0.279405	0.026125	9.35023	1610	209
645.291	0.279405	0.026125	9.35023	1610	209
650.873	0.279405	0.026125	9.35023	1610	209
655.312	0.279405	0.026125	9.35023	1610	209
688.292	0.279405	0.026125	9.35023	1610	209
691.289	0.279405	0.026125	9.35023	1610	209
703.971	0.279405	0.026125	9.35023	1610	209
706.289	0.279405	0.026125	9.35023	1610	209
708.351	0.279405	0.026125	9.35023	1610	209
710.302	0.279405	0.026125	9.35023	1610	209
714.348	0.279405	0.026125	9.35023	1610	209
722.466	0.279405	0.026125	9.35023	1718	209
722.466	0.279549	0.026125	9.34543	1810	209
2.397	0.0851796	0.01825	21.4253	592	146
2.451	0.0851929	0.01825	21.422	856	146
112.346	0.272452	0.0482498	17.7094	1107	386
124.577	0.272452	0.0482498	17.7094	1107	386
134.058	0.272452	0.0482498	17.7094	1107	386
145.277	0.272452	0.0482498	17.7094	1107	386
149.297	0.272452	0.0482498	17.7094	1107	386
152.496	0.272452	0.0482498	17.7094	1107	386
155.907	0.272452	0.0482498	17.7094	1107	386
159.293	0.272452	0.0482498	17.7094	1107	386
162.556	0.272452	0.0482498	17.7094	1107	386
167.874	0.272452	0.0482498	17.7094	1107	386
170.796	0.272452	0.0482498	17.7094	1107	386
175.559	0.272452	0.0482498	17.7094	1107	386
185.257	0.272452	0.0482498	17.7094	1107	386
191.795	0.272452	0.0482498	17.7094	1107	386
197.382	0.272452	0.0482498	17.7094	1107	386
202.968	0.272452	0.0482498	17.7094	1107	386
209.689	0.272452	0.0482498	17.7094	1107	386
215.591	0.272452	0.0482498	17.7094	1107	386
221.248	0.272452	0.0482498	17.7094	1107	386
227.159	0.272452	0.0482498	17.7094	1107	386
234.047	0.272452	0.0482498	17.7094	1107	386
239.903	0.272452	0.0482498	17.7094	1107	386
247.261	0.272452	0.0482498	17.7094	1107	386
254.443	0.272452	0.0482498	17.7094	1107	386
264.564	0.272452	0.0482498	17.7094	1107	386
274.937	0.272452	0.0482498	17.7094	1107	386
279.716	0.272452	0.0482498	17.7094	1107	386
295.802	0.272452	0.0483748	17.7553	1496	387
311.899	0.272454	0.0483748	17.7552	1401	387
328.89	0.272454	0.0483748	17.7552	1436	387
352.627	0.272454	0.0483748	17.7552	1436	387
358.466	0.272454	0.0483748	17.7552	1436	387
363.915	0.272454	0.0483748	17.7552	1436	387
369.276	0.272454	0.0483748	17.7552	1436	387
375.02	0.272454	0.0483748	17.7552	1436	387
380.581	0.272454	0.0483748	17.7552	1436	387
386.486	0.272454	0.0483748	17.7552	1436	387
391.13	0.272454	0.0483748	17.7552	1436	387
396.7	0.272454	0.0483748	17.7552	1436	387
401.325	0.272454	0.0483748	17.7552	1436	387
404.304	0.272454	0.0483748	17.7552	1436	387
416.71	0.272454	0.0483748	17.7552	1436	387
428.175	0.272454	0.0483748	17.7552	1436	387
439.639	0.272454	0.0483748	17.7552	1436	387
451.276	0.272454	0.0483748	17.7552	1436	387
463.009	0.272454	0.0483748	17.7552	1436	387
474.773	0.272454	0.0483748	17.7552	1436	387
486.736	0.272454	0.0483748	17.7552	1436	387
498.913	0.272454	0.0483748	17.7552	1436	387
510.567	0.272454	0.0483748	17.7552	1436	387
533.931	0.275837	0.0483748	17.5375	1496	387
550.841	0.275837	0.0483748	17.5375	1496	387
562.052	0.275837	0.0483748	17.5375	1496	387
572.697	0.275837	0.0483748	17.5375	1496	387
583.371	0.275837	0.0483748	17.5375	1496	387
593.749	0.275837	0.0483748	17.5375	1496	387
603.929	0.275837	0.0483748	17.5375	1496	387
615.886	0.275837	0.0483748	17.5375	1496	387
623.495	0.275837	0.0483748	17.5375	1496	387
625.307	0.275837	0.0483748	17.5375	1496	387
630.935	0.275837	0.0483748	17.5375	1496	387
636.329	0.275837	0.0483748	17.5375	1496	387
640.631	0.275837	0.0483748	17.5375	1496	387
666.929	0.275837	0.0483748	17.5375	1496	387
682.308	0.275837	0.0483748	17.5375	1496	387
684.349	0.275837	0.0483748	17.5375	1496	387
686.498	0.275837	0.0483748	17.5375	1496	387
688.465	0.275837	0.0483748	17.5375	1496	387
692.587	0.275837	0.0483748	17.5375	1496	387
696.493	0.275837	0.0483748	17.5375	1496	387
710.188	0.275837	0.0484998	17.5828	1515	388
733.148	0.275865	0.0486248	17.6263	1550	389
741.164	0.275865	0.0486248	17.6263	1550	389
748.97	0.275865	0.0486248	17.6263	1550	389
754.708	0.275865	0.0486248	17.6263	1550	389
758.786	0.275865	0.0486248	17.6263	1550	389
767.18	0.275865	0.0486248	17.6263	1550	389
775.386	0.275865	0.0486248	17.6263	1550	389
783.729	0.275865	0.0486248	17.6263	1550	389
792.075	0.275865	0.0486248	17.6263	1550	389
800.41	0.275865	0.0486248	17.6263	1550	389
808.988	0.275865	0.0486248	17.6263	1550	389
817.551	0.275865	0.0486248	17.6263	1550	389
827.19	0.275865	0.0486248	17.6263	1550	389
836.282	0.275865	0.0486248	17.6263	1550	389
844.788	0.275865	0.0486248	17.6263	1550	389
853.431	0.275865	0.0486248	17.6263	1550	389
856.528	0.275865	0.0486248	17.6263	1550	389
858.761	0.275865	0.0486248	17.6263	1550	389
862.791	0.275865	0.0486248	17.6263	1550	389
866.155	0.275865	0.0486248	17.6263	1550	389
879.854	0.275865	0.0486248	17.6263	1550	389
886.864	0.275865	0.0486248	17.6263	1550	389
893.693	0.275865	0.0486248	17.6263	1550	389
900.574	0.275865	0.0486248	17.6263	1550	389
907.756	0.275865	0.0486248	17.6263	1550	389
914.901	0.275865	0.0486248	17.6263	1550	389
921.803	0.275865	0.0486248	17.6263	1550	389
928.531	0.275865	0.0486248	17.6263	1550	389
936.762	0.275865	0.0486248	17.6263	1550	389
943.499	0.275865	0.0486248	17.6263	1550	389
951.82	0.275865	0.0486248	17.6263	1550	389
958.922	0.275865	0.0486248	17.6263	1550	389
970.193	0.275865	0.0486248	17.6263	1550	389
979.791	0.275865	0.0486248	17.6263	1550	389
989.291	0.275865	0.0486248	17.6263	1550	389
993.655	0.275865	0.0486248	17.6263	1550	389
1016.34	0.275865	0.0486248	17.6263	1508	389
1036.53	0.275976	0.0486248	17.6192	1515	389
1056.84	0.275976	0.0486248	17.6192	1515	389
1076.91	0.275976	0.0486248	17.6192	1515	389
1098.08	0.275976	0.0486248	17.6192	1515	389
1103.19	0.275976	0.0486248	17.6192	1515	389
1108.52	0.275976	0.0486248	17.6192	1515	389
1118.81	0.275976	0.0486248	17.6192	1515	389
1123.73	0.275976	0.0486248	17.6192	1515	389
1129.35	0.275976	0.0486248	17.6192	1515	389
1134.99	0.275976	0.0486248	17.6192	1515	389
1141.16	0.275976	0.0486248	17.6192	1515	389
1146.85	0.275976	0.0486248	17.6192	1515	389
1152.34	0.275976	0.0486248	17.6192	1515	389
1157.3	0.275976	0.0486248	17.6192	1515	389
1162.78	0.275976	0.0486248	17.6192	1515	389
1168.14	0.275976	0.0486248	17.6192	1515	389
1172.94	0.275976	0.0486248	17.6192	1515	389
1178.26	0.275976	0.0486248	17.6192	1515	389
1183.13	0.275976	0.0486248	17.6192	1515	389
1188.51	0.275976	0.0486248	17.6192	1515	389
1193.83	0.275976	0.0486248	17.6192	1515	389
1199.59	0.275976	0.0486248	17.6192	1515	389
1204.55	0.275976	0.0486248	17.6192	1515	389
1210.03	0.275976	0.0486248	17.6192	1515	389
1215.1	0.275976	0.0486248	17.6192	1515	389
1220.85	0.275976	0.0486248	17.6192	1515	389
1225.75	0.275976	0.0486248	17.6192	1515	389
1230.76	0.275976	0.0486248	17.6192	1515	389
1235.78	0.275976	0.0486248	17.6192	1515	389
1241.35	0.275976	0.0486248	17.6192	1515	389
1246.38	0.275976	0.0486248	17.6192	1515	389
1251.33	0.275976	0.0486248	17.6192	1515	389
1256.4	0.275976	0.0486248	17.6192	1515	389
1259.49	0.275976	0.0486248	17.6192	1515	389
1272.81	0.275976	0.0486248	17.6192	1515	389
1276.37	0.275976	0.0486248	17.6192	1515	389
1280.38	0.275976	0.0486248	17.6192	1515	389
1284.66	0.275976	0.0486248	17.6192	1515	389
1289.42	0.275976	0.0486248	17.6192	1515	389
1294.52	0.275976	0.0486248	17.6192	1515	389
1298.06	0.275976	0.0486248	17.6192	1515	389
1301.64	0.275976	0.0486248	17.6192	1515	389
1305.75	0.275976	0.0486248	17.6192	1515	389
1309.56	0.275976	0.0486248	17.6192	1515	389
1313.27	0.275976	0.0486248	17.6192	1515	389
1316.97	0.275976	0.0486248	17.6192	1515	389
1320.88	0.275976	0.0486248	17.6192	1515	389
1325.47	0.275976	0.0486248	17.6192	1515	389
1329.64	0.275976	0.0486248	17.6192	1515	389
1334.55	0.275976	0.0486248	17.6192	1515	389
1338.8	0.275976	0.0486248	17.6192	1515	389
1342.89	0.275976	0.0486248	17.6192	1515	389
1346.65	0.275976	0.0486248	17.6192	1515	389
1350.3	0.275976	0.0486248	17.6192	1515	389
1354.13	0.275976	0.0486248	17.6192	1515	389
1359.23	0.275976	0.0486248	17.6192	1515	389
1362.81	0.275976	0.0486248	17.6192	1515	389
1366.66	0.275976	0.0486248	17.6192	1515	389
1370.96	0.275976	0.0486248	17.6192	1515	389
1375.58	0.275976	0.0486248	17.6192	1515	389
1379.14	0.275976	0.0486248	17.6192	1515	389
1383.57	0.275976	0.0486248	17.6192	1515	389
1387.29	0.275976	0.0486248	17.6192	1515	389
1390.71	0.275976	0.0486248	17.6192	1515	389
1394.27	0.275976	0.0486248	17.6192	1515	389
1398.66	0.275976	0.0486248	17.6192	1515	389
1403.82	0.275976	0.0486248	17.6192	1515	389
1407.78	0.275976	0.0486248	17.6192	1515	389
1412.1	0.275976	0.0486248	17.6192	1515	389
1416.24	0.275976	0.0486248	17.6192	1515	389
1420.7	0.275976	0.0486248	17.6192	1515	389
1430.2	0.275976	0.0486248	17.6192	1515	389
1433.77	0.275976	0.0486248	17.6192	1515	389
1437.26	0.275976	0.0486248	17.6192	1515	389
1449.62	0.275976	0.0486248	17.6192	1515	389
1462.15	0.275976	0.0486248	17.6192	1515	389
1464.19	0.275976	0.0486248	17.6192	1515	389
1489.02	0.275976	0.0486248	17.6192	1585	389
1508.5	0.275976	0.0486248	17.6192	1585	389
1526.74	0.275976	0.0486248	17.6192	1585	389
1545.09	0.275976	0.0486248	17.6192	1585	389
1564.47	0.275976	0.0486248	17.6192	1585	389
1584	0.275976	0.0486248	17.6192	1585	389
1593.9	0.275976	0.0486248	17.6192	1585	389
1605.79	0.275976	0.0486248	17.6192	1585	389
1616.89	0.275976	0.0486248	17.6192	1585	389
1628.71	0.275976	0.0486248	17.6192	1585	389
1640.21	0.275976	0.0486248	17.6192	1585	389
1645.11	0.275976	0.0486248	17.6192	1585	389
