34.794	0.921506	0.0593747	6.44322	844	475
49.583	0.922295	0.0593747	6.43771	844	475
64.819	0.922361	0.0593747	6.43725	844	475
81.163	0.922361	0.0593747	6.43725	844	475
99.301	0.922395	0.0593747	6.43701	844	475
112.876	0.922414	0.0668746	7.24996	1049	535
123.361	0.922786	0.167251	18.1246	3135	1338
135.069	0.922789	0.169751	18.3954	2341	1358
145.542	0.922789	0.169751	18.3954	2598	1358
157.741	0.922805	0.169751	18.3951	2662	1358
162.769	0.922805	0.169751	18.3951	2662	1358
166.812	0.922805	0.169751	18.3951	2662	1358
169.845	0.922805	0.169751	18.3951	2662	1358
173.795	0.922805	0.169751	18.3951	2662	1358
178.533	0.922805	0.169751	18.3951	2662	1358
187.004	0.922805	0.169751	18.3951	2662	1358
193.369	0.922805	0.169751	18.3951	2662	1358
194.644	0.922805	0.169751	18.3951	2662	1358
194.644	0.922805	0.169751	18.3951	2662	1358
28.245	0.911069	0.0552497	6.06428	818	442
39.877	0.911094	0.0552497	6.06411	818	442
51.732	0.911099	0.0552497	6.06408	825	442
64.361	0.911133	0.0552497	6.06385	825	442
77.949	0.911133	0.0552497	6.06385	827	442
90.335	0.911133	0.0586247	6.43427	852	469
107.286	0.911133	0.0586247	6.43427	853	469
119.415	0.911133	0.0586247	6.43427	853	469
127.42	0.922574	0.146125	15.8388	3271	1169
135.962	0.922741	0.14625	15.8495	2430	1170
145.45	0.922741	0.148875	16.134	2653	1191
149.918	0.922741	0.148875	16.134	2653	1191
152.218	0.922741	0.148875	16.134	2653	1191
154.903	0.922741	0.148875	16.134	2653	1191
158.804	0.922741	0.148875	16.134	2653	1191
162.009	0.922741	0.148875	16.134	2653	1191
165.301	0.922741	0.148875	16.134	2653	1191
171.003	0.922741	0.148875	16.134	2653	1191
177.064	0.922741	0.148875	16.134	2653	1191
179.257	0.922741	0.148875	16.134	2653	1191
182.082	0.922741	0.148875	16.134	2653	1191
192.562	0.922741	0.148875	16.134	2653	1191
200.654	0.922742	0.148875	16.134	3489	1191
208.583	0.922742	0.148875	16.134	3241	1191
215.835	0.922742	0.148875	16.134	3362	1191
223.08	0.922742	0.148875	16.134	3379	1191
230.034	0.922742	0.148875	16.134	3379	1191
240.375	0.922742	0.148875	16.134	3757	1191
249.312	0.922742	0.148875	16.134	3757	1191
264.645	0.922742	0.148875	16.134	3757	1191
280.008	0.922742	0.148875	16.134	3757	1191
297.897	0.922742	0.148875	16.134	3757	1191
316.324	0.922742	0.148875	16.134	3757	1191
333.037	0.922742	0.148875	16.134	3757	1191
337.688	0.922742	0.148875	16.134	3757	1191
342.531	0.922742	0.148875	16.134	3757	1191
347.256	0.922742	0.148875	16.134	3757	1191
352.069	0.922742	0.148875	16.134	3757	1191
357.535	0.922742	0.148875	16.134	3757	1191
363.135	0.922742	0.148875	16.134	3757	1191
368.549	0.922742	0.148875	16.134	3757	1191
374.088	0.922742	0.148875	16.134	3757	1191
379.435	0.922742	0.148875	16.134	3757	1191
384.865	0.922742	0.148875	16.134	3757	1191
390.301	0.922742	0.148875	16.134	3757	1191
395.677	0.922742	0.148875	16.134	3757	1191
400.877	0.922742	0.148875	16.134	3757	1191
405.007	0.922742	0.148875	16.134	3757	1191
407.876	0.922742	0.148875	16.134	3757	1191
410.539	0.922742	0.148875	16.134	3757	1191
412.235	0.922742	0.148875	16.134	3757	1191
415.825	0.922742	0.148875	16.134	3757	1191
428.15	0.922742	0.148875	16.134	3757	1191
444.429	0.922742	0.148875	16.134	3757	1191
461.492	0.922742	0.148875	16.134	3757	1191
478.484	0.922742	0.148875	16.134	3757	1191
496.386	0.922742	0.148875	16.134	3757	1191
514.732	0.922742	0.148875	16.134	3757	1191
533.071	0.922742	0.148875	16.134	3757	1191
551.54	0.922742	0.148875	16.134	3757	1191
559.122	0.922742	0.148875	16.134	3757	1191
572.099	0.922742	0.148875	16.134	3926	1191
583.049	0.922742	0.148875	16.134	3926	1191
594.071	0.922742	0.148875	16.134	3926	1191
605.292	0.922742	0.148875	16.134	3926	1191
616.077	0.922742	0.148875	16.134	3926	1191
625.417	0.922742	0.148875	16.134	3996	1191
635.43	0.922742	0.148875	16.134	4003	1191
639.004	0.922742	0.148875	16.134	4003	1191
642.158	0.922742	0.148875	16.134	4003	1191
645.165	0.922742	0.148875	16.134	4003	1191
650.76	0.922742	0.148875	16.134	4003	1191
655.185	0.922742	0.148875	16.134	4003	1191
688.171	0.922742	0.148875	16.134	4003	1191
691.167	0.922742	0.148875	16.134	4003	1191
703.844	0.922742	0.148875	16.134	4003	1191
706.162	0.922742	0.148875	16.134	4003	1191
708.216	0.922742	0.148875	16.134	4003	1191
710.175	0.922742	0.148875	16.134	4003	1191
714.222	0.922742	0.148875	16.134	4003	1191
722.466	0.922742	0.148875	16.134	4003	1191
722.466	0.922742	0.148875	16.134	4003	1191
35.821	0.922336	0.0592497	6.42387	1178	474
50.53	0.922602	0.0592497	6.42202	1201	474
66.244	0.92275	0.0592497	6.42099	1201	474
83.098	0.922752	0.0592497	6.42098	1201	474
100.963	0.922752	0.0592497	6.42098	1202	474
112.3	0.922752	0.0592497	6.42098	1202	474
124.533	0.922763	0.0599997	6.50218	1241	480
133.964	0.922801	0.151	16.3632	3878	1208
145.187	0.922801	0.15325	16.6071	2513	1226
149.204	0.922801	0.15325	16.6071	2513	1226
152.406	0.922801	0.15325	16.6071	2513	1226
155.819	0.922801	0.15325	16.6071	2513	1226
159.194	0.922801	0.15325	16.6071	2513	1226
162.467	0.922801	0.15325	16.6071	2513	1226
167.784	0.922801	0.15325	16.6071	2513	1226
170.707	0.922801	0.15325	16.6071	2513	1226
175.467	0.922801	0.15325	16.6071	2513	1226
185.178	0.922801	0.15325	16.6071	2513	1226
191.712	0.922801	0.15325	16.6071	2513	1226
197.299	0.922801	0.15325	16.6071	2513	1226
202.883	0.922801	0.15325	16.6071	2513	1226
209.609	0.922801	0.15325	16.6071	2513	1226
215.511	0.922801	0.15325	16.6071	2513	1226
221.16	0.922801	0.15325	16.6071	2513	1226
227.076	0.922801	0.15325	16.6071	2513	1226
233.956	0.922801	0.15325	16.6071	2513	1226
239.795	0.922801	0.15325	16.6071	2513	1226
247.151	0.922801	0.15325	16.6071	2513	1226
254.363	0.922801	0.15325	16.6071	2513	1226
263.834	0.922801	0.15325	16.6071	3244	1226
274.843	0.922801	0.15325	16.6071	3412	1226
279.63	0.922801	0.15325	16.6071	3412	1226
295.696	0.922801	0.15325	16.6071	3412	1226
311.709	0.922801	0.15325	16.6071	3412	1226
328.794	0.922801	0.15325	16.6071	3412	1226
352.515	0.922801	0.15325	16.6071	3412	1226
358.35	0.922801	0.15325	16.6071	3451	1226
363.808	0.922801	0.15325	16.6071	3554	1226
369.172	0.922801	0.15325	16.6071	3554	1226
374.916	0.922801	0.15325	16.6071	3554	1226
380.473	0.922801	0.15325	16.6071	3554	1226
386.387	0.922801	0.15325	16.6071	3554	1226
391.016	0.922801	0.15325	16.6071	3554	1226
396.587	0.922801	0.15325	16.6071	3554	1226
401.206	0.922801	0.15325	16.6071	3554	1226
404.198	0.922801	0.15325	16.6071	3554	1226
416.602	0.922801	0.15325	16.6071	3554	1226
428.064	0.922801	0.15325	16.6071	3554	1226
439.517	0.922801	0.15325	16.6071	3554	1226
451.166	0.922801	0.15325	16.6071	3554	1226
462.903	0.922801	0.15325	16.6071	3554	1226
474.661	0.922801	0.15325	16.6071	3554	1226
486.621	0.922801	0.15325	16.6071	3554	1226
498.806	0.922801	0.15325	16.6071	3554	1226
510.46	0.922801	0.15325	16.6071	3554	1226
533.824	0.922801	0.15325	16.6071	3554	1226
550.737	0.922801	0.15325	16.6071	3554	1226
561.937	0.922801	0.15325	16.6071	3554	1226
572.587	0.922801	0.15325	16.6071	3554	1226
583.247	0.922801	0.15325	16.6071	3554	1226
593.636	0.922801	0.15325	16.6071	3554	1226
603.826	0.922801	0.15325	16.6071	3554	1226
615.77	0.922801	0.15325	16.6071	3767	1226
623.383	0.922801	0.15325	16.6071	3638	1226
625.197	0.922801	0.15325	16.6071	3638	1226
630.826	0.922801	0.15325	16.6071	3638	1226
636.22	0.922801	0.15325	16.6071	3638	1226
640.511	0.922801	0.15325	16.6071	3638	1226
666.811	0.922801	0.15325	16.6071	3638	1226
682.194	0.922801	0.15325	16.6071	3638	1226
684.229	0.922801	0.15325	16.6071	3638	1226
686.378	0.922801	0.15325	16.6071	3638	1226
688.348	0.922801	0.15325	16.6071	3638	1226
692.469	0.922801	0.15325	16.6071	3638	1226
696.377	0.922801	0.15325	16.6071	3638	1226
710.079	0.922801	0.15325	16.6071	3638	1226
733.034	0.922801	0.15325	16.6071	3638	1226
741.05	0.922801	0.15325	16.6071	3638	1226
748.851	0.922801	0.15325	16.6071	3638	1226
754.595	0.922801	0.15325	16.6071	3638	1226
758.682	0.922801	0.15325	16.6071	3638	1226
767.061	0.922801	0.15325	16.6071	3638	1226
775.28	0.922801	0.15325	16.6071	3638	1226
783.617	0.922801	0.15325	16.6071	3638	1226
791.967	0.922801	0.15325	16.6071	3638	1226
800.298	0.922801	0.15325	16.6071	3638	1226
808.882	0.922801	0.15325	16.6071	3638	1226
817.442	0.922801	0.15325	16.6071	3638	1226
827.06	0.922801	0.15325	16.6071	3638	1226
836.168	0.922801	0.15325	16.6071	3638	1226
844.668	0.922801	0.15325	16.6071	3638	1226
853.322	0.922801	0.15325	16.6071	3638	1226
856.411	0.922801	0.15325	16.6071	3638	1226
858.648	0.922801	0.15325	16.6071	3638	1226
862.674	0.922801	0.15325	16.6071	3638	1226
866.03	0.922801	0.15325	16.6071	3638	1226
879.743	0.922801	0.15325	16.6071	3638	1226
886.756	0.922801	0.15325	16.6071	3638	1226
893.59	0.922801	0.15325	16.6071	3638	1226
900.457	0.922801	0.15325	16.6071	3638	1226
907.648	0.922801	0.15325	16.6071	3638	1226
914.787	0.922801	0.15325	16.6071	3638	1226
921.692	0.922801	0.15325	16.6071	3638	1226
928.423	0.922801	0.15325	16.6071	3638	1226
936.655	0.922801	0.15325	16.6071	3638	1226
943.39	0.922801	0.15325	16.6071	3638	1226
951.714	0.922801	0.15325	16.6071	3638	1226
958.815	0.922801	0.15325	16.6071	3638	1226
970.08	0.922801	0.15325	16.6071	3638	1226
979.671	0.922801	0.15325	16.6071	3638	1226
989.175	0.922801	0.15325	16.6071	3638	1226
993.54	0.922801	0.15325	16.6071	3638	1226
1016.22	0.922801	0.15325	16.6071	3638	1226
1036.43	0.922801	0.15325	16.6071	3638	1226
1056.73	0.922801	0.15325	16.6071	3638	1226
1076.79	0.922801	0.15325	16.6071	3638	1226
1097.86	0.922801	0.15325	16.6071	3638	1226
1103.08	0.922801	0.15325	16.6071	3638	1226
1108.4	0.922801	0.15325	16.6071	3638	1226
1118.7	0.922801	0.15325	16.6071	3638	1226
1123.62	0.922801	0.15325	16.6071	3638	1226
1129.2	0.922801	0.15325	16.6071	3638	1226
1134.86	0.922801	0.15325	16.6071	3638	1226
1141.02	0.922801	0.15325	16.6071	3638	1226
1146.73	0.922801	0.15325	16.6071	3638	1226
1152.22	0.922801	0.15325	16.6071	3638	1226
1157.19	0.922801	0.15325	16.6071	3638	1226
1162.66	0.922801	0.15325	16.6071	3638	1226
1168.02	0.922801	0.15325	16.6071	3638	1226
1172.83	0.922801	0.15325	16.6071	3638	1226
1178.15	0.922801	0.15325	16.6071	3638	1226
1183.01	0.922801	0.15325	16.6071	3638	1226
1188.4	0.922801	0.15325	16.6071	3638	1226
1193.72	0.922801	0.15325	16.6071	3638	1226
1199.48	0.922801	0.15325	16.6071	3638	1226
1204.44	0.922801	0.15325	16.6071	3638	1226
1209.92	0.922801	0.15325	16.6071	3638	1226
1214.99	0.922801	0.15325	16.6071	3638	1226
1220.73	0.922801	0.15325	16.6071	3638	1226
1225.63	0.922801	0.15325	16.6071	3638	1226
1230.64	0.922801	0.15325	16.6071	3638	1226
1235.65	0.922801	0.15325	16.6071	3638	1226
1241.22	0.922801	0.15325	16.6071	3638	1226
1246.26	0.922801	0.15325	16.6071	3638	1226
1251.21	0.922801	0.15325	16.6071	3638	1226
1256.29	0.922801	0.15325	16.6071	3638	1226
1259.37	0.922801	0.15325	16.6071	3638	1226
1272.69	0.922801	0.15325	16.6071	3638	1226
1276.26	0.922801	0.15325	16.6071	3638	1226
1280.25	0.922801	0.15325	16.6071	3638	1226
1284.55	0.922801	0.15325	16.6071	3638	1226
1289.28	0.922801	0.15325	16.6071	3638	1226
1294.4	0.922801	0.15325	16.6071	3638	1226
1297.95	0.922801	0.15325	16.6071	3638	1226
1301.53	0.922801	0.15325	16.6071	3638	1226
1305.63	0.922801	0.15325	16.6071	3638	1226
1309.44	0.922801	0.15325	16.6071	3638	1226
1313.15	0.922801	0.15325	16.6071	3638	1226
1316.86	0.922801	0.15325	16.6071	3638	1226
1320.77	0.922801	0.15325	16.6071	3638	1226
1325.35	0.922801	0.15325	16.6071	3638	1226
1329.39	0.922801	0.15325	16.6071	3638	1226
1334.44	0.922801	0.15325	16.6071	3638	1226
1338.68	0.922801	0.15325	16.6071	3638	1226
1342.76	0.922801	0.15325	16.6071	3638	1226
1346.51	0.922801	0.15325	16.6071	3638	1226
1350.19	0.922801	0.15325	16.6071	3638	1226
1354.03	0.922801	0.15325	16.6071	3638	1226
1358.63	0.922801	0.15325	16.6071	3638	1226
1362.69	0.922801	0.15325	16.6071	3638	1226
1366.56	0.922801	0.15325	16.6071	3638	1226
1370.85	0.922801	0.15325	16.6071	3638	1226
1375.46	0.922801	0.15325	16.6071	3638	1226
1379.03	0.922801	0.15325	16.6071	3638	1226
1383.46	0.922801	0.15325	16.6071	3638	1226
1387.18	0.922801	0.15325	16.6071	3638	1226
1390.6	0.922801	0.15325	16.6071	3638	1226
1394.16	0.922801	0.15325	16.6071	3638	1226
1398.55	0.922801	0.15325	16.6071	3638	1226
1403.69	0.922801	0.15325	16.6071	3638	1226
1407.67	0.922801	0.15325	16.6071	3638	1226
1411.98	0.922801	0.15325	16.6071	3638	1226
1416.12	0.922801	0.15325	16.6071	3638	1226
1420.6	0.922801	0.15325	16.6071	3638	1226
1430.08	0.922801	0.15325	16.6071	3638	1226
1433.66	0.922801	0.15325	16.6071	3638	1226
1437.15	0.922801	0.15325	16.6071	3638	1226
1449.5	0.922801	0.15325	16.6071	3638	1226
1462.04	0.922801	0.15325	16.6071	3638	1226
1464.08	0.922801	0.15325	16.6071	3638	1226
1488.91	0.922801	0.15325	16.6071	3638	1226
1508.38	0.922801	0.15325	16.6071	3638	1226
1526.61	0.922801	0.15325	16.6071	3638	1226
1544.96	0.922801	0.15325	16.6071	3638	1226
1564.35	0.922801	0.15325	16.6071	3638	1226
1583.89	0.922801	0.15325	16.6071	3638	1226
1593.79	0.922801	0.15325	16.6071	3638	1226
1605.67	0.922801	0.15325	16.6071	3638	1226
1616.78	0.922801	0.15325	16.6071	3638	1226
1628.58	0.922801	0.15325	16.6071	3638	1226
1640.1	0.922801	0.15325	16.6071	3638	1226
1645.11	0.922801	0.15325	16.6071	3638	1226
