42.643	0.0658752	0.015375	23.3396	413	123
62.661	0.0662336	0.015375	23.2133	322	123
81.663	0.06624	0.015375	23.211	470	123
85.581	0.06624	0.015375	23.211	470	123
91.518	0.06624	0.015375	23.211	470	123
98.708	0.06624	0.015375	23.211	470	123
110.518	0.06624	0.015375	23.211	470	123
116.449	0.06624	0.015375	23.211	470	123
125.317	0.06624	0.015375	23.211	470	123
133.231	0.06624	0.015375	23.211	470	123
141.9	0.06624	0.015375	23.211	470	123
150.781	0.06624	0.015375	23.211	470	123
160.053	0.06624	0.015375	23.211	470	123
172.658	0.06624	0.015375	23.211	470	123
185.032	0.06624	0.015375	23.211	470	123
194.932	0.06624	0.015375	23.211	470	123
212.282	0.06624	0.015375	23.211	470	123
232.11	0.06624	0.015375	23.211	470	123
245.063	0.0683401	0.015375	22.4978	491	123
257.84	0.068378	0.015375	22.4853	477	123
268.834	0.068378	0.015375	22.4853	498	123
273.438	0.068378	0.015375	22.4853	498	123
278.468	0.068378	0.015375	22.4853	498	123
290.339	0.068378	0.015375	22.4853	498	123
304.82	0.068378	0.015375	22.4853	498	123
319.476	0.068378	0.015375	22.4853	498	123
333.269	0.068378	0.015375	22.4853	498	123
347.496	0.068378	0.015375	22.4853	498	123
364.656	0.068378	0.015375	22.4853	498	123
379.775	0.068378	0.015375	22.4853	498	123
394.776	0.068378	0.015375	22.4853	498	123
401.79	0.068378	0.015375	22.4853	498	123
408.976	0.068378	0.015375	22.4853	498	123
415.899	0.068378	0.015375	22.4853	498	123
423.219	0.068378	0.015375	22.4853	498	123
429.294	0.0683932	0.01975	28.8771	547	158
446.289	0.0683932	0.01975	28.8771	547	158
457.442	0.0683932	0.01975	28.8771	547	158
462.145	0.0683932	0.01975	28.8771	547	158
466.797	0.0683932	0.01975	28.8771	547	158
476.479	0.0683932	0.01975	28.8771	547	158
484.063	0.0683932	0.01975	28.8771	547	158
501.92	0.0683932	0.01975	28.8771	547	158
511.578	0.0683932	0.01975	28.8771	547	158
