34.85	0.0236379	0.005375	22.7389	229	43
41.445	0.766221	0.005375	0.701494	413	43
45.315	0.766221	0.005375	0.701494	413	43
46.539	0.766221	0.005375	0.701494	413	43
49.452	0.766221	0.005375	0.701494	413	43
54.05	0.766221	0.005375	0.701494	413	43
58.623	0.766221	0.005375	0.701494	413	43
63.417	0.766221	0.005375	0.701494	413	43
68.371	0.766221	0.005375	0.701494	413	43
73.514	0.766221	0.005375	0.701494	413	43
75.462	0.766221	0.005375	0.701494	413	43
78.005	0.766221	0.005375	0.701494	413	43
86.094	1.84261	0.135624	7.36045	3727	1085
93.453	1.88584	0.201002	10.6585	7252	1608
97.69	1.88584	0.201002	10.6585	7252	1608
104.841	1.88584	0.201002	10.6585	7252	1608
112.4	1.88584	0.201002	10.6585	7252	1608
120.237	1.88584	0.201002	10.6585	7252	1608
129.098	1.88584	0.201002	10.6585	7252	1608
137.729	1.88584	0.201002	10.6585	7252	1608
146.664	1.88584	0.201002	10.6585	7252	1608
158.072	1.88584	0.201002	10.6585	7252	1608
173.608	1.88584	0.201002	10.6585	7252	1608
194.058	1.88584	0.201002	10.6585	7252	1608
207.063	1.88584	0.201002	10.6585	7252	1608
220.077	1.88584	0.201002	10.6585	7252	1608
232.463	1.88584	0.201002	10.6585	7252	1608
244.112	1.88584	0.201002	10.6585	7252	1608
255.356	1.88584	0.201002	10.6585	7252	1608
266.004	1.88584	0.201002	10.6585	7252	1608
277.168	1.88584	0.201002	10.6585	7252	1608
289.718	1.88584	0.201002	10.6585	7252	1608
302.843	1.88584	0.201002	10.6585	7252	1608
316.017	1.88584	0.201002	10.6585	7252	1608
322.245	1.88584	0.201002	10.6585	7252	1608
332.869	1.88584	0.201002	10.6585	7252	1608
344.13	1.88584	0.201002	10.6585	7252	1608
356.004	1.88584	0.201002	10.6585	7252	1608
360.74	1.88584	0.201002	10.6585	7252	1608
363.753	1.88584	0.201002	10.6585	7252	1608
372.43	1.88584	0.201002	10.6585	7252	1608
390.07	1.88584	0.201002	10.6585	7252	1608
406.959	1.88584	0.201002	10.6585	7252	1608
422.056	1.88584	0.201002	10.6585	7252	1608
432.769	1.88584	0.201002	10.6585	7252	1608
443.308	1.88584	0.201002	10.6585	7252	1608
453.846	1.88584	0.201002	10.6585	7252	1608
464.735	1.88584	0.201002	10.6585	7252	1608
466.425	1.88584	0.201002	10.6585	7252	1608
467.936	1.88584	0.201002	10.6585	7252	1608
475.217	1.88584	0.201002	10.6585	7252	1608
477.487	1.88584	0.201002	10.6585	7252	1608
479.351	1.88584	0.201002	10.6585	7252	1608
483.265	1.88584	0.201002	10.6585	7252	1608
487.25	1.88584	0.201002	10.6585	7252	1608
491.212	1.88584	0.201002	10.6585	7252	1608
495.209	1.88584	0.201002	10.6585	7252	1608
499.121	1.88584	0.201002	10.6585	7252	1608
503.155	1.88584	0.201002	10.6585	7252	1608
507.06	1.88584	0.201002	10.6585	7252	1608
515.596	1.88584	0.201002	10.6585	7252	1608
533.571	1.88584	0.201002	10.6585	7252	1608
548.322	1.88584	0.201002	10.6585	7252	1608
552.626	1.88584	0.201002	10.6585	7252	1608
559.255	1.88584	0.203127	10.7712	6440	1625
566.206	1.88585	0.203127	10.7711	5287	1625
573.911	1.89173	0.203127	10.7377	6673	1625
578.425	1.89173	0.203127	10.7377	6673	1625
581.746	1.89173	0.203127	10.7377	6673	1625
592.409	1.89173	0.203127	10.7377	6673	1625
601.296	1.89173	0.203127	10.7377	6673	1625
619.558	1.89173	0.203127	10.7377	6673	1625
631.293	1.89173	0.203127	10.7377	6673	1625
642.114	1.89173	0.203127	10.7377	6673	1625
653.346	1.89173	0.203127	10.7377	6673	1625
660.423	1.89173	0.203127	10.7377	6673	1625
665.809	1.89173	0.203127	10.7377	6673	1625
671.371	1.89173	0.203127	10.7377	6673	1625
677.041	1.89173	0.203127	10.7377	6673	1625
682.618	1.89173	0.203127	10.7377	6673	1625
688.318	1.89173	0.203127	10.7377	6673	1625
693.974	1.89173	0.203127	10.7377	6673	1625
699.618	1.89173	0.203127	10.7377	6673	1625
705.106	1.89173	0.203127	10.7377	6673	1625
710.515	1.89173	0.203127	10.7377	6673	1625
715.952	1.89173	0.203127	10.7377	6673	1625
721.373	1.89173	0.203127	10.7377	6673	1625
727.683	1.89173	0.203127	10.7377	6673	1625
733.661	1.89173	0.203127	10.7377	6673	1625
739.872	1.89173	0.203127	10.7377	6673	1625
744.261	1.89173	0.203127	10.7377	6673	1625
748.325	1.89173	0.203127	10.7377	6673	1625
753.435	1.89173	0.203127	10.7377	6673	1625
756.807	1.89173	0.203127	10.7377	6673	1625
764.277	1.89173	0.203127	10.7377	6083	1625
771.679	1.89173	0.203127	10.7377	4977	1625
779.775	1.89193	0.203127	10.7365	4732	1625
785.794	1.89197	0.203127	10.7363	4529	1625
792.645	1.94345	0.203127	10.4519	5467	1625
799.402	1.94347	0.203127	10.4518	5467	1625
806.112	1.95767	0.203127	10.376	5460	1625
812.859	1.97221	0.203127	10.2995	5460	1625
819.253	1.98032	0.203127	10.2573	5943	1625
825.414	1.98049	0.203127	10.2564	5481	1625
831.594	1.98063	0.203127	10.2557	6020	1625
837.749	1.98086	0.203127	10.2545	5845	1625
843.933	1.98087	0.203127	10.2545	5488	1625
851.9	1.98087	0.203127	10.2545	5873	1625
859.822	1.98087	0.203127	10.2545	5516	1625
866.192	1.98087	0.203127	10.2545	5887	1625
871.215	1.98135	0.203252	10.2583	5922	1626
