306.277	0.189062	0.00774999	4.09919	178	62
311.035	0.189062	0.00774999	4.09919	178	62
315.083	0.189062	0.00774999	4.09919	178	62
326.519	0.189062	0.00774999	4.09919	178	62
337.703	0.189062	0.00774999	4.09919	178	62
350.666	0.189062	0.00774999	4.09919	178	62
363.879	0.189062	0.00774999	4.09919	178	62
377.233	0.189062	0.00774999	4.09919	178	62
391.627	0.189062	0.00774999	4.09919	178	62
407.442	0.189062	0.00774999	4.09919	178	62
415.055	0.189062	0.00774999	4.09919	178	62
419.8	0.189062	0.00774999	4.09919	178	62
424.183	0.189062	0.00774999	4.09919	178	62
426.455	0.189062	0.00774999	4.09919	178	62
429.567	0.189062	0.00774999	4.09919	178	62
432.29	0.189062	0.00774999	4.09919	178	62
439.969	0.189062	0.00774999	4.09919	178	62
451.476	0.189062	0.00774999	4.09919	178	62
468.997	0.189062	0.00774999	4.09919	178	62
485.261	0.189062	0.00774999	4.09919	178	62
502.956	0.189062	0.00774999	4.09919	178	62
520.028	0.189062	0.00774999	4.09919	178	62
527.349	0.197825	0.01175	5.9396	329	94
535.407	1.35215	0.028	2.07078	804	224
540.907	1.35215	0.028	2.07078	804	224
547.984	1.35279	0.0573747	4.2412	1692	459
554.333	1.35304	0.0576247	4.2589	1679	461
563.147	1.35304	0.0576247	4.2589	1679	461
572.427	1.35304	0.0576247	4.2589	1679	461
581.635	1.35304	0.0576247	4.2589	1679	461
591.044	1.35304	0.0576247	4.2589	1679	461
599.431	1.35469	0.14725	10.8697	3796	1178
605.674	1.35469	0.14725	10.8697	3796	1178
612	1.35469	0.14725	10.8697	3796	1178
621.67	1.35469	0.14725	10.8697	3796	1178
631.314	1.35469	0.14725	10.8697	3796	1178
640.185	1.35469	0.14725	10.8697	3796	1178
649.257	1.35469	0.14725	10.8697	3796	1178
658.563	1.35469	0.14725	10.8697	3796	1178
666.696	1.35469	0.14725	10.8697	3796	1178
683.994	1.35469	0.14725	10.8697	3796	1178
699.971	1.35469	0.14725	10.8697	3796	1178
706.756	1.35469	0.149875	11.0635	3744	1199
713.635	1.35469	0.154875	11.4326	3360	1239
720.239	1.35469	0.155	11.4418	3346	1240
727.012	1.35469	0.155	11.4418	3373	1240
733.904	1.35469	0.155	11.4418	3275	1240
742.779	1.35469	0.155	11.4418	3275	1240
749.668	1.35469	0.155	11.4418	3275	1240
755.944	1.35469	0.155	11.4418	3275	1240
762.248	1.35469	0.155	11.4418	3275	1240
768.586	1.35469	0.155	11.4418	3275	1240
774.908	1.35469	0.155	11.4418	3275	1240
781.054	1.35469	0.155	11.4418	3275	1240
787.054	1.35469	0.155	11.4418	3275	1240
793.186	1.35469	0.155	11.4418	3275	1240
799.268	1.35469	0.155	11.4418	3275	1240
807.663	1.35469	0.155	11.4418	3275	1240
828.196	1.35469	0.155	11.4418	3275	1240
847.47	1.35469	0.155	11.4418	3275	1240
853.981	1.35469	0.155	11.4418	3275	1240
860.508	1.35469	0.155	11.4418	3275	1240
867.197	1.35469	0.155	11.4418	3275	1240
873.741	1.35469	0.155	11.4418	3275	1240
880.221	1.35469	0.155	11.4418	3275	1240
886.953	1.35469	0.155	11.4418	3275	1240
892.564	1.35469	0.155	11.4418	3275	1240
899.422	1.35469	0.156375	11.5433	3556	1251
906.07	1.35469	0.156375	11.5433	3556	1251
912.518	1.35469	0.156375	11.5433	3556	1251
918.637	1.35469	0.164376	12.1339	6046	1315
924.716	1.35469	0.164376	12.1339	3469	1315
930.882	1.35478	0.164376	12.133	3481	1315
937.422	1.35509	0.164501	12.1395	3492	1316
943.474	1.35509	0.164501	12.1395	3475	1316
949.784	1.35509	0.164501	12.1395	3454	1316
955.702	1.35509	0.164501	12.1395	3459	1316
961.588	1.35509	0.164501	12.1395	3477	1316
969.057	1.35509	0.164501	12.1395	3480	1316
980.094	1.35509	0.164501	12.1395	3480	1316
988.545	1.35509	0.164501	12.1395	3480	1316
996.052	1.35509	0.164501	12.1395	3480	1316
1003.61	1.35509	0.164501	12.1395	3480	1316
1010.99	1.35509	0.164501	12.1395	3480	1316
1018.24	1.35509	0.164501	12.1395	3480	1316
1026.94	1.35509	0.164501	12.1395	3480	1316
1044.23	1.35509	0.164501	12.1395	3480	1316
1054.72	1.35509	0.164501	12.1395	3480	1316
1065.21	1.35509	0.164501	12.1395	3480	1316
1078.07	1.35509	0.164501	12.1395	3480	1316
1088.96	1.35509	0.164501	12.1395	3480	1316
1098.31	1.35509	0.164501	12.1395	3480	1316
1107.82	1.35509	0.164501	12.1395	3480	1316
1116.61	1.35509	0.164501	12.1395	3480	1316
1126.29	1.35509	0.164501	12.1395	3480	1316
1135.41	1.35509	0.164501	12.1395	3480	1316
1145.19	1.35509	0.164501	12.1395	3480	1316
1154.58	1.35509	0.164501	12.1395	3480	1316
1163.06	1.35509	0.164501	12.1395	3480	1316
1172.55	1.35509	0.164501	12.1395	3480	1316
1181.16	1.35509	0.164501	12.1395	3480	1316
1190.15	1.35509	0.164501	12.1395	3480	1316
1203.59	1.35509	0.164501	12.1395	3480	1316
1215.98	1.35509	0.164501	12.1395	3480	1316
1231.09	1.35509	0.164501	12.1395	3480	1316
1234.41	1.35509	0.164501	12.1395	3480	1316
1237.64	1.35509	0.164501	12.1395	3480	1316
1253.92	1.35509	0.164501	12.1395	3480	1316
1260.93	1.35509	0.164501	12.1395	3480	1316
1262.21	1.35509	0.164501	12.1395	3480	1316
1265.24	1.35509	0.164501	12.1395	3480	1316
1268.52	1.35509	0.164501	12.1395	3480	1316
1275.48	1.35509	0.164501	12.1395	3480	1316
1293.59	1.35509	0.164501	12.1395	3480	1316
1303.55	1.35509	0.164501	12.1395	3480	1316
1313.9	1.35509	0.164501	12.1395	3480	1316
1324.56	1.35509	0.164501	12.1395	3480	1316
1335.08	1.35509	0.164501	12.1395	3480	1316
1345.33	1.35509	0.164501	12.1395	3480	1316
1355.35	1.35509	0.164501	12.1395	3480	1316
1364.61	1.35509	0.164501	12.1395	3480	1316
1374.33	1.35509	0.164501	12.1395	3480	1316
1383.61	1.35509	0.164501	12.1395	3480	1316
1393.6	1.35509	0.164501	12.1395	3480	1316
1403.53	1.35509	0.164501	12.1395	3480	1316
1413.51	1.35509	0.164501	12.1395	3480	1316
1423.55	1.35509	0.164501	12.1395	3480	1316
1433.04	1.35509	0.164501	12.1395	3480	1316
1444.98	1.35509	0.164501	12.1395	3480	1316
1454.2	1.35509	0.165876	12.2409	3238	1327
1460.68	1.35509	0.165876	12.2409	3238	1327
1466.3	1.35509	0.165876	12.2409	3238	1327
1469.82	1.35509	0.165876	12.2409	3238	1327
1472.9	1.35509	0.165876	12.2409	3238	1327
1481.02	1.35509	0.165876	12.2409	3238	1327
1488.1	1.35509	0.165876	12.2409	3238	1327
1494.98	1.35509	0.165876	12.2409	3238	1327
1508.64	1.35509	0.165876	12.2409	3238	1327
1524.7	1.35509	0.165876	12.2409	3238	1327
1532.15	1.35509	0.165876	12.2409	3238	1327
1541.97	1.35509	0.165876	12.2409	3238	1327
1549.8	1.35509	0.165876	12.2409	3238	1327
1563.28	1.35509	0.165876	12.2409	3238	1327
1578.14	1.35509	0.165876	12.2409	3238	1327
1591.93	1.35509	0.165876	12.2409	3238	1327
1604.88	1.35509	0.166001	12.2502	3224	1328
1614.37	1.35509	0.166001	12.2502	3224	1328
1624.97	1.35509	0.166001	12.2502	3224	1328
1641.17	1.35509	0.166001	12.2502	3224	1328
1649.17	1.35509	0.166001	12.2502	3224	1328
1656.65	1.35509	0.166001	12.2502	3224	1328
1662.84	1.35509	0.166001	12.2502	3224	1328
1668.95	1.35509	0.166001	12.2502	3224	1328
1675.69	1.35509	0.166001	12.2502	3224	1328
1681.61	1.35509	0.166001	12.2502	3224	1328
1687.54	1.35509	0.166001	12.2502	3224	1328
1694.8	1.35509	0.166001	12.2502	3224	1328
1697.97	1.35509	0.166001	12.2502	3224	1328
1702.8	1.35509	0.166001	12.2502	3224	1328
1706.37	1.35509	0.166001	12.2502	3224	1328
1711.2	1.35509	0.166001	12.2502	3224	1328
1722.66	1.35509	0.166001	12.2502	3247	1328
1728.25	1.35509	0.166001	12.2502	3247	1328
1733.39	1.35509	0.166001	12.2502	3247	1328
1735.69	1.35509	0.166001	12.2502	3247	1328
