118.152	0.898821	0.028875	3.21255	1037	210
126.576	0.898998	0.029	3.22582	1159	211
135.006	0.921994	0.0781245	8.47343	2002	604
142.594	0.921994	0.0781245	8.47343	2002	604
149.449	0.921994	0.0781245	8.47343	2002	604
157.573	0.921994	0.0781245	8.47343	2002	604
165.815	0.921994	0.0781245	8.47343	2002	604
172.811	0.921994	0.0781245	8.47343	2002	604
180.119	0.921994	0.0781245	8.47343	2002	604
185.689	0.921994	0.0781245	8.47343	2002	604
192.852	0.921994	0.0781245	8.47343	2002	604
202.312	0.921994	0.0781245	8.47343	2002	604
212.624	0.921994	0.0781245	8.47343	2002	604
223.663	0.921994	0.0781245	8.47343	2002	604
234.615	0.921994	0.0781245	8.47343	2002	604
246.057	0.921994	0.0781245	8.47343	2002	604
257.012	0.921994	0.0781245	8.47343	2002	604
268.064	0.921994	0.0781245	8.47343	2002	604
279.546	0.921994	0.0781245	8.47343	2002	604
289.355	0.921994	0.0781245	8.47343	2002	604
299.393	0.921994	0.0781245	8.47343	2002	604
306.1	0.921994	0.0781245	8.47343	2002	604
310.854	0.921994	0.0781245	8.47343	2002	604
314.903	0.921994	0.0781245	8.47343	2002	604
326.334	0.923182	0.0937493	10.155	2134	729
337.523	0.923275	0.0949993	10.2894	2119	739
350.488	0.923275	0.0949993	10.2894	2119	739
363.697	0.923275	0.0949993	10.2894	2119	739
377.051	0.923275	0.0949993	10.2894	2119	739
391.438	0.923275	0.0949993	10.2894	2119	739
407.252	0.923275	0.0949993	10.2894	2119	739
414.886	0.923275	0.0949993	10.2894	2119	739
419.629	0.923275	0.0949993	10.2894	2119	739
424.005	0.923275	0.0949993	10.2894	2119	739
426.283	0.923275	0.0949993	10.2894	2119	739
429.37	0.923275	0.0949993	10.2894	2119	739
432.119	0.923275	0.0949993	10.2894	2119	739
439.781	0.923275	0.0949993	10.2894	2119	739
451.302	0.923275	0.0949993	10.2894	2119	739
468.788	0.923275	0.0949993	10.2894	2119	739
485.063	0.923275	0.0949993	10.2894	2119	739
502.778	0.923275	0.0949993	10.2894	2119	739
519.836	0.923275	0.0949993	10.2894	2119	739
527.162	0.923275	0.0949993	10.2894	2119	739
535.217	0.923275	0.0949993	10.2894	2119	739
540.717	0.923275	0.0949993	10.2894	2119	739
547.789	0.923275	0.0949993	10.2894	2119	739
554.142	0.923275	0.0949993	10.2894	2119	739
562.944	0.923275	0.0951243	10.3029	2088	733
572.209	0.923275	0.0952493	10.3165	1978	734
581.423	0.923275	0.0952493	10.3165	1978	734
590.842	0.923275	0.0952493	10.3165	1978	734
599.219	0.923275	0.0952493	10.3165	1978	734
605.444	0.923275	0.0952493	10.3165	1978	734
611.768	0.923275	0.0952493	10.3165	1978	734
621.406	0.923275	0.0952493	10.3165	1978	734
631.077	0.923275	0.0952493	10.3165	1978	734
639.962	0.923275	0.0952493	10.3165	1978	734
649.031	0.923275	0.0952493	10.3165	1978	734
658.352	0.923275	0.0952493	10.3165	1978	734
666.469	0.923275	0.0952493	10.3165	1978	734
683.768	0.923275	0.0952493	10.3165	1978	734
699.746	0.923275	0.0952493	10.3165	1978	734
706.533	0.923275	0.0952493	10.3165	1978	734
713.418	0.923275	0.0952493	10.3165	1978	734
720.016	0.923275	0.0952493	10.3165	1978	734
726.784	0.923275	0.0952493	10.3165	1978	734
733.69	0.923275	0.0952493	10.3165	1978	734
742.57	0.923275	0.0952493	10.3165	1978	734
749.404	0.923275	0.0952493	10.3165	1978	734
755.72	0.923275	0.0952493	10.3165	1978	734
762.018	0.923275	0.0952493	10.3165	1978	734
768.367	0.923275	0.0952493	10.3165	1978	734
774.691	0.923275	0.0952493	10.3165	1978	734
780.826	0.923275	0.0952493	10.3165	1978	734
786.84	0.923275	0.0952493	10.3165	1978	734
792.978	0.923275	0.0952493	10.3165	1978	734
799.056	0.923275	0.0952493	10.3165	1978	734
807.438	0.923275	0.0952493	10.3165	1978	734
827.973	0.923275	0.0952493	10.3165	1978	734
847.256	0.923275	0.0952493	10.3165	1978	734
853.749	0.923275	0.0952493	10.3165	1978	734
860.276	0.923275	0.0952493	10.3165	1978	734
866.981	0.923275	0.0952493	10.3165	1978	734
873.515	0.923275	0.0952493	10.3165	1978	734
880	0.923275	0.0952493	10.3165	1978	734
886.746	0.923275	0.0952493	10.3165	1978	734
892.349	0.923275	0.0952493	10.3165	1978	734
899.205	0.923275	0.0952493	10.3165	1978	734
905.85	0.923275	0.0952493	10.3165	1978	734
912.302	0.923275	0.0952493	10.3165	1978	734
918.428	0.923275	0.0952493	10.3165	1978	734
924.504	0.923275	0.0952493	10.3165	1978	734
930.663	0.923275	0.0952493	10.3165	1978	734
937.208	0.923275	0.0952493	10.3165	1978	734
943.259	0.923275	0.0952493	10.3165	1978	734
949.567	0.923275	0.0952493	10.3165	1978	734
955.485	0.923275	0.0952493	10.3165	1978	734
961.381	0.923275	0.0952493	10.3165	1978	734
968.842	0.923275	0.0952493	10.3165	1978	734
979.87	0.923275	0.0952493	10.3165	1978	734
988.321	0.923275	0.0952493	10.3165	1978	734
995.836	0.923275	0.0952493	10.3165	1978	734
1003.39	0.923275	0.0952493	10.3165	1978	734
1010.75	0.923275	0.0952493	10.3165	1978	734
1018.02	0.923275	0.0952493	10.3165	1978	734
1026.73	0.923275	0.0952493	10.3165	1978	734
1044.02	0.923275	0.0952493	10.3165	1978	734
1054.51	0.923275	0.0952493	10.3165	1978	734
1065	0.923275	0.0952493	10.3165	1978	734
1077.86	0.923275	0.0952493	10.3165	1978	734
1088.78	0.923292	0.0959993	10.3975	2215	733
1098.13	0.923295	0.0959993	10.3975	1949	733
1107.66	0.923297	0.0959993	10.3974	1970	733
1116.42	0.923297	0.0959993	10.3974	1949	733
1126.13	0.923297	0.0959993	10.3974	2040	733
1135.24	0.92339	0.109749	11.8855	2041	843
1145.01	0.923435	0.111374	12.0608	2060	849
1154.41	0.923444	0.111374	12.0607	2060	849
1162.89	0.923444	0.111374	12.0607	1969	856
1172.36	0.923444	0.111374	12.0607	1969	849
1180.99	0.923444	0.111374	12.0607	1969	849
1189.98	0.923444	0.116624	12.6292	2106	926
1203.38	0.923444	0.116624	12.6292	2106	926
1215.74	0.923444	0.116624	12.6292	2106	926
1230.82	0.923444	0.116624	12.6292	2106	926
1234.15	0.923444	0.116624	12.6292	2106	926
1237.38	0.923444	0.116624	12.6292	2106	926
1253.66	0.923444	0.116624	12.6292	2106	926
1260.65	0.923444	0.116624	12.6292	2106	926
1261.93	0.923444	0.116624	12.6292	2106	926
1264.98	0.923444	0.116624	12.6292	2106	926
1268.26	0.923444	0.116624	12.6292	2106	926
1275.22	0.923444	0.116624	12.6292	2106	926
1293.33	0.923444	0.116624	12.6293	2016	814
1303.26	0.923444	0.116624	12.6293	2056	821
1313.61	0.923444	0.119624	12.9541	2121	845
1324.26	0.923444	0.119749	12.9677	2125	846
1334.81	0.923444	0.119874	12.9812	2125	847
1345.06	0.923444	0.119874	12.9812	2125	847
1355.08	0.923455	0.119874	12.9811	2125	847
1364.35	0.923455	0.119874	12.9811	2048	847
1374.07	0.923455	0.119874	12.9811	2125	854
1383.34	0.923455	0.119874	12.981	2041	861
1393.33	0.923455	0.119874	12.981	2125	861
1403.26	0.923455	0.119874	12.981	2125	861
1413.24	0.923455	0.119874	12.981	2125	861
1423.29	0.923516	0.119874	12.9802	2125	896
1432.78	0.923516	0.119874	12.9802	2041	896
1444.69	0.923516	0.119874	12.9802	2041	896
1453.91	0.923516	0.119874	12.9802	2041	896
1460.38	0.923516	0.119874	12.9802	2041	896
1466.01	0.923516	0.119874	12.9802	2041	896
1469.52	0.923516	0.119874	12.9802	2041	896
1472.61	0.923516	0.119874	12.9802	2041	896
1480.73	0.923516	0.120999	13.102	2055	870
1487.81	0.923516	0.120999	13.102	2150	870
1494.68	0.923516	0.120999	13.102	2052	870
1508.33	0.923516	0.120999	13.102	2052	870
1524.34	0.923516	0.120999	13.102	2052	870
1531.79	0.923516	0.120999	13.102	2052	870
1541.64	0.923516	0.120999	13.102	2052	870
1549.46	0.923516	0.120999	13.102	2052	870
1562.86	0.923561	0.156	16.8912	2884	1199
1577.75	0.923561	0.156	16.8912	2884	1199
1591.56	0.923561	0.156	16.8912	2884	1199
1604.48	0.923561	0.156	16.8912	2884	1199
1613.98	0.923561	0.1565	16.9453	2514	1133
1624.54	0.923564	0.156875	16.9858	2593	1143
1640.73	0.923564	0.156875	16.9858	2593	1143
1648.77	0.923564	0.1615	17.4866	2735	1173
1656.28	0.923564	0.1615	17.4866	2585	1173
1662.45	0.923564	0.1615	17.4866	2480	1173
1668.57	0.923564	0.1615	17.4866	2480	1173
1675.33	0.923564	0.1615	17.4866	2586	1173
1681.24	0.923564	0.1615	17.4866	2481	1166
1687.15	0.923564	0.1615	17.4866	2481	1173
1694.43	0.923564	0.1615	17.4866	2586	1173
1697.61	0.923564	0.1615	17.4866	2586	1173
1702.42	0.923564	0.1615	17.4866	2586	1173
1706	0.923564	0.1615	17.4866	2586	1173
1710.83	0.923564	0.1615	17.4866	2586	1173
1722.29	0.923564	0.1615	17.4866	2586	1173
1727.88	0.923564	0.166625	18.0415	2608	1207
1733	0.923564	0.166625	18.0415	2519	1186
1735.69	0.923564	0.166625	18.0415	2610	1151
