185.74	0.158415	0.006375	4.02423	56	51
192.898	0.919871	0.012875	1.39965	154	103
202.36	0.920362	0.0746245	8.10817	1718	597
212.672	0.920362	0.0746245	8.10817	1718	597
223.704	0.920362	0.0746245	8.10817	1718	597
234.663	0.920362	0.0746245	8.10817	1718	597
246.1	0.920362	0.0746245	8.10817	1718	597
257.06	0.920362	0.0746245	8.10817	1718	597
268.109	0.920362	0.0746245	8.10817	1718	597
279.594	0.920362	0.0746245	8.10817	1718	597
289.401	0.921955	0.0772495	8.37887	1721	618
299.442	0.921957	0.0784994	8.51443	1709	628
306.151	0.921957	0.0784994	8.51443	1709	628
310.902	0.921957	0.0784994	8.51443	1709	628
314.95	0.921957	0.0784994	8.51443	1709	628
326.388	0.921957	0.0784994	8.51443	1709	628
337.578	0.921957	0.0784994	8.51443	1709	628
350.542	0.921957	0.0784994	8.51443	1709	628
363.748	0.921957	0.0784994	8.51443	1709	628
377.106	0.921957	0.0784994	8.51443	1709	628
391.492	0.921957	0.0784994	8.51443	1709	628
407.307	0.921957	0.0784994	8.51443	1709	628
414.938	0.921958	0.0994992	10.7922	2979	796
419.684	0.921958	0.0999992	10.8464	3014	800
424.057	0.921958	0.0999992	10.8464	3014	800
426.337	0.921958	0.0999992	10.8464	2946	800
429.438	0.921958	0.0999992	10.8464	2946	800
432.178	0.921958	0.0999992	10.8464	2946	800
439.834	0.921958	0.0999992	10.8464	2946	800
451.355	0.921958	0.0999992	10.8464	2946	800
468.865	0.921958	0.0999992	10.8464	2946	800
485.137	0.921958	0.0999992	10.8464	2946	800
502.85	0.921958	0.0999992	10.8464	2946	800
519.917	0.921958	0.0999992	10.8464	2946	800
527.242	0.921958	0.0999992	10.8464	2946	800
535.292	0.921958	0.0999992	10.8464	2946	800
540.789	0.921958	0.0999992	10.8464	2946	800
547.873	0.921958	0.0999992	10.8464	2946	800
554.221	0.921958	0.0999992	10.8464	2946	800
563.031	0.921958	0.0999992	10.8464	2946	800
572.302	0.921958	0.0999992	10.8464	2946	800
581.512	0.921958	0.0999992	10.8464	2946	800
590.933	0.921958	0.0999992	10.8464	2946	800
599.308	0.921958	0.0999992	10.8464	2946	800
605.534	0.921958	0.0999992	10.8464	2946	800
611.858	0.921958	0.0999992	10.8464	2946	800
621.508	0.92271	0.100999	10.9459	3844	808
631.164	0.922775	0.101249	10.9722	3994	810
640.047	0.922775	0.102749	11.1348	3792	822
649.13	0.922775	0.102749	11.1348	3867	822
658.44	0.922776	0.102749	11.1348	3873	822
666.569	0.922776	0.102749	11.1348	4158	822
683.864	0.922776	0.102749	11.1348	4158	822
699.839	0.922776	0.102749	11.1348	4158	822
706.623	0.922776	0.102749	11.1348	4158	822
713.509	0.922776	0.102749	11.1348	4158	822
720.107	0.922776	0.102749	11.1348	4158	822
726.881	0.922776	0.102749	11.1348	4158	822
733.776	0.922776	0.102749	11.1348	4158	822
742.655	0.922776	0.102749	11.1348	4158	822
749.513	0.922776	0.102749	11.1348	4158	822
755.808	0.922776	0.102749	11.1348	4158	822
762.108	0.922776	0.102749	11.1348	4158	822
768.46	0.922776	0.102749	11.1348	4158	822
774.782	0.922776	0.102749	11.1348	4158	822
780.917	0.922776	0.102749	11.1348	4158	822
786.934	0.922776	0.102749	11.1348	4158	822
793.065	0.922776	0.102749	11.1348	4158	822
799.14	0.922776	0.102749	11.1348	4158	822
807.534	0.922776	0.102749	11.1348	3956	822
828.068	0.922776	0.102749	11.1348	3956	822
847.353	0.922776	0.102749	11.1348	3956	822
853.844	0.922776	0.102749	11.1348	4039	822
860.374	0.922776	0.102749	11.1348	4039	822
867.073	0.922776	0.102749	11.1348	4039	822
873.614	0.922776	0.102749	11.1348	4039	822
880.091	0.922776	0.102749	11.1348	4039	822
886.835	0.922776	0.102749	11.1348	4039	822
892.444	0.922776	0.102749	11.1348	4039	822
899.301	0.922776	0.102749	11.1348	4039	822
905.944	0.922776	0.102749	11.1348	4039	822
912.4	0.922776	0.102749	11.1348	4039	822
918.52	0.922776	0.102749	11.1348	4039	822
924.598	0.922776	0.102749	11.1348	4039	822
930.76	0.922776	0.102749	11.1348	4039	822
937.304	0.922776	0.102749	11.1348	4039	822
943.357	0.922776	0.102749	11.1348	4039	822
949.663	0.922776	0.102749	11.1348	4039	822
955.58	0.922776	0.102749	11.1348	4039	822
961.473	0.922776	0.102749	11.1348	4039	822
968.939	0.922776	0.102749	11.1348	4039	822
979.974	0.922776	0.102749	11.1348	4039	822
988.423	0.922802	0.102749	11.1345	4277	822
995.938	0.922802	0.102749	11.1345	4277	822
1003.49	0.922802	0.102749	11.1345	4277	822
1010.86	0.922802	0.102749	11.1345	4277	822
1018.12	0.922802	0.102749	11.1345	4277	822
1026.83	0.922802	0.102749	11.1345	4277	822
1044.12	0.922802	0.102749	11.1345	4277	822
1054.6	0.922802	0.102749	11.1345	4277	822
1065.1	0.922802	0.102749	11.1345	4277	822
1077.94	0.922802	0.102749	11.1345	4277	822
1088.84	0.922802	0.102749	11.1345	4277	822
1098.18	0.922802	0.102749	11.1345	4277	822
1107.71	0.922802	0.102749	11.1345	4277	822
1116.48	0.922802	0.102749	11.1345	4277	822
1126.18	0.922802	0.102749	11.1345	4277	822
1135.3	0.922802	0.102749	11.1345	4277	822
1145.07	0.922802	0.102749	11.1345	4277	822
1154.46	0.922802	0.102749	11.1345	4277	822
1162.94	0.922802	0.102749	11.1345	4277	822
1172.41	0.922802	0.102749	11.1345	4277	822
1181.04	0.922802	0.102749	11.1345	4277	822
1190.03	0.922802	0.102749	11.1345	4277	822
1203.43	0.922802	0.102749	11.1345	4123	822
1215.8	0.922802	0.102749	11.1345	4116	822
1230.87	0.922802	0.102749	11.1345	4207	822
1234.2	0.922802	0.102749	11.1345	4207	822
1237.43	0.922802	0.102749	11.1345	4207	822
1253.71	0.922802	0.102749	11.1345	4207	822
1260.71	0.922802	0.102749	11.1345	4207	822
1261.98	0.922802	0.102749	11.1345	4207	822
1265.03	0.922802	0.102749	11.1345	4207	822
1268.32	0.922802	0.102749	11.1345	4207	822
1275.28	0.922802	0.102749	11.1345	4207	822
1293.39	0.922802	0.102749	11.1345	4207	822
1303.35	0.922802	0.102749	11.1345	4207	822
1313.7	0.922802	0.102749	11.1345	4207	822
1324.36	0.922802	0.102749	11.1345	4207	822
1334.88	0.922802	0.102749	11.1345	4207	822
1345.12	0.922802	0.102749	11.1345	4207	822
1355.14	0.922802	0.102749	11.1345	4207	822
1364.41	0.922802	0.102749	11.1345	4207	822
1374.13	0.922802	0.102749	11.1345	4207	822
1383.4	0.922802	0.102749	11.1345	4207	822
1393.4	0.922802	0.102749	11.1345	4207	822
1403.33	0.922802	0.102749	11.1345	4207	822
1413.31	0.922802	0.102749	11.1345	4207	822
1423.35	0.922802	0.102749	11.1345	4207	822
1432.84	0.922802	0.102749	11.1345	4207	822
1444.75	0.922802	0.102749	11.1345	4074	822
1453.98	0.922802	0.102749	11.1345	4074	822
1460.44	0.922802	0.102749	11.1345	4074	822
1466.07	0.922802	0.102749	11.1345	4074	822
1469.59	0.922802	0.102749	11.1345	4074	822
1472.68	0.922802	0.102749	11.1345	4074	822
1480.8	0.922802	0.102749	11.1345	4074	822
1487.88	0.922802	0.102749	11.1345	4074	822
1494.76	0.922802	0.102749	11.1345	4074	822
1508.4	0.922802	0.102749	11.1345	4088	822
1524.42	0.922802	0.102749	11.1345	4025	822
1531.87	0.922802	0.102749	11.1345	4025	822
1541.71	0.922802	0.102749	11.1345	4025	822
1549.53	0.922802	0.102749	11.1345	4025	822
1562.96	0.922802	0.102749	11.1345	4025	822
1577.83	0.922802	0.102749	11.1345	4144	822
1591.64	0.922802	0.102749	11.1345	4137	822
1604.57	0.922802	0.102749	11.1345	4137	822
1614.07	0.922802	0.102749	11.1345	4137	822
1624.64	0.922802	0.102749	11.1345	4137	822
1640.83	0.922802	0.102749	11.1345	4137	822
1648.86	0.922802	0.102749	11.1345	4137	822
1656.35	0.922802	0.102749	11.1345	4137	822
1662.52	0.922802	0.102749	11.1345	4137	822
1668.62	0.922802	0.102749	11.1345	4137	822
1675.39	0.922802	0.102749	11.1345	4137	822
1681.3	0.922802	0.102749	11.1345	4137	822
1687.22	0.922802	0.102749	11.1345	4137	822
1694.49	0.922802	0.102749	11.1345	4137	822
1697.67	0.922802	0.102749	11.1345	4137	822
1702.49	0.922802	0.102749	11.1345	4137	822
1706.06	0.922802	0.102749	11.1345	4137	822
1710.89	0.922802	0.102749	11.1345	4137	822
1722.35	0.922802	0.102749	11.1345	4137	822
1727.95	0.922802	0.102749	11.1345	4137	822
1733.08	0.922802	0.102749	11.1345	4137	822
1735.69	0.922802	0.102749	11.1345	4137	822
