51.16	0.861841	0.0439999	5.10534	2337	352
59.914	0.870452	0.0491248	5.6436	2492	393
70.081	0.874029	0.0491248	5.6205	3607	393
79.942	0.874029	0.0491248	5.6205	3353	393
90.98	0.875207	0.0491248	5.61294	3643	393
102.006	0.875207	0.0491248	5.61294	3260	393
106.334	0.875207	0.0491248	5.61294	3260	393
111.754	0.875207	0.0491248	5.61294	3260	393
117.859	0.875207	0.0491248	5.61294	3260	393
126.248	0.875207	0.0491248	5.61294	3260	393
134.66	0.875207	0.0491248	5.61294	3260	393
142.235	0.875207	0.0491248	5.61294	3260	393
149.016	0.875207	0.0491248	5.61294	3260	393
157.178	0.875207	0.0491248	5.61294	3260	393
165.423	0.875207	0.0491248	5.61294	3260	393
172.464	0.875207	0.0491248	5.61294	3260	393
179.754	0.875207	0.0491248	5.61294	3260	393
185.433	0.875207	0.0491248	5.61294	3260	393
192.62	0.875207	0.0491248	5.61294	3260	393
202.064	0.875207	0.0491248	5.61294	3260	393
212.385	0.877281	0.0491248	5.59967	3386	393
223.427	1.22938	0.0491248	3.99591	3596	393
234.375	1.22938	0.0496248	4.03658	3316	397
245.811	1.22938	0.0496248	4.03658	3316	397
256.768	1.22938	0.0496248	4.03658	3316	397
267.801	1.22938	0.0496248	4.03658	3316	397
279.282	1.22938	0.0496248	4.03658	3316	397
289.106	1.22938	0.0496248	4.03658	3316	397
299.139	1.22938	0.0496248	4.03658	3316	397
305.858	1.4381	0.0706245	4.91096	4179	565
310.62	1.4381	0.0787494	5.47594	4735	630
314.653	1.4381	0.0787494	5.47594	4735	630
326.072	1.4381	0.0787494	5.47594	4735	630
337.28	1.4381	0.0787494	5.47594	4735	630
350.196	1.4381	0.0787494	5.47594	4735	630
363.398	1.4381	0.0787494	5.47594	4735	630
376.76	1.4381	0.0787494	5.47594	4735	630
391.129	1.4381	0.0787494	5.47594	4735	630
406.926	1.4381	0.0787494	5.47594	4735	630
414.571	1.4381	0.0787494	5.47594	4735	630
419.319	1.4381	0.0787494	5.47594	4735	630
423.676	1.4381	0.0787494	5.47594	4735	630
425.946	1.4381	0.0787494	5.47594	4735	630
429.041	1.4381	0.0787494	5.47594	4735	630
431.808	1.4381	0.0787494	5.47594	4735	630
439.442	1.4381	0.0787494	5.47594	4735	630
450.979	1.4381	0.0787494	5.47594	4735	630
468.416	1.4381	0.0787494	5.47594	4735	630
484.679	1.4381	0.0787494	5.47594	4735	630
502.382	1.4381	0.0787494	5.47594	4735	630
519.444	1.4381	0.0787494	5.47594	4735	630
526.759	1.43814	0.0799994	5.56268	4233	640
534.822	1.44017	0.0861243	5.98015	5009	689
540.336	1.44017	0.0861243	5.98015	4888	689
547.426	1.4412	0.0863743	5.99324	5408	691
553.744	1.44145	0.0911243	6.32172	5440	729
562.554	1.44145	0.0911243	6.32172	5440	729
571.827	1.44145	0.0911243	6.32172	5440	729
581.037	1.44145	0.0911243	6.32172	5440	729
590.448	1.44145	0.0911243	6.32172	5440	729
598.827	1.44145	0.0911243	6.32172	5377	729
605.071	1.44145	0.0911243	6.32172	5377	729
611.408	1.44145	0.0911243	6.32172	5377	729
621.03	1.44145	0.0911243	6.32172	5377	729
630.702	1.44145	0.0911243	6.32172	5377	729
639.59	1.44145	0.0911243	6.32172	5377	729
648.666	1.44145	0.0911243	6.32172	5377	729
657.972	1.44145	0.0911243	6.32172	5377	729
666.064	1.44145	0.0911243	6.32172	5377	729
683.345	1.44145	0.0911243	6.32172	5377	729
699.314	1.44145	0.0911243	6.32172	5377	729
706.107	1.44145	0.0912493	6.33039	5111	730
713.003	1.44145	0.0912493	6.33039	5475	730
719.604	1.44145	0.0912493	6.33039	5251	730
726.382	1.44145	0.0912493	6.33039	5111	730
733.296	1.44147	0.0912493	6.33029	5475	730
742.165	1.44147	0.0912493	6.33029	5475	730
748.955	1.44147	0.0912493	6.33029	5475	730
755.306	1.44147	0.0912493	6.33029	5475	730
761.598	1.44147	0.0912493	6.33029	5475	730
767.935	1.44147	0.0912493	6.33029	5475	730
774.278	1.44147	0.0912493	6.33029	5475	730
780.404	1.44147	0.0912493	6.33029	5475	730
786.426	1.44147	0.0912493	6.33029	5475	730
792.578	1.44147	0.0912493	6.33029	5475	730
798.647	1.44147	0.0912493	6.33029	5475	730
806.993	1.44147	0.0912493	6.33029	5475	730
827.494	1.44147	0.0912493	6.33029	5475	730
846.8	1.44147	0.0912493	6.33029	5475	730
853.276	1.44147	0.0912493	6.33029	5475	730
859.797	1.44147	0.0912493	6.33029	5475	730
866.491	1.44147	0.0912493	6.33029	5475	730
873.037	1.44147	0.0912493	6.33029	5475	730
879.515	1.44147	0.0912493	6.33029	5475	730
886.271	1.44147	0.0912493	6.33029	5475	730
891.873	1.44147	0.0912493	6.33029	5475	730
898.711	1.44147	0.0912493	6.33029	5475	730
905.363	1.44147	0.0912493	6.33029	5475	730
911.817	1.44147	0.0912493	6.33029	5475	730
917.944	1.44147	0.0912493	6.33029	5475	730
924.028	1.44147	0.0912493	6.33029	5475	730
930.195	1.44147	0.0912493	6.33029	5475	730
936.729	1.44147	0.0912493	6.33029	5475	730
942.768	1.44147	0.0912493	6.33029	5475	730
949.079	1.44147	0.0912493	6.33029	5475	730
955.01	1.44147	0.0912493	6.33029	5475	730
960.908	1.44147	0.0912493	6.33029	5475	730
968.374	1.44147	0.0913743	6.33896	5019	731
979.389	1.44147	0.0913743	6.33896	5019	731
987.823	1.44147	0.0913743	6.33896	5019	731
995.337	1.44147	0.0913743	6.33896	5019	731
1002.89	1.44147	0.0913743	6.33896	5019	731
1010.26	1.44147	0.0913743	6.33896	5019	731
1017.53	1.44147	0.0913743	6.33896	5019	731
1026.21	1.44147	0.0913743	6.33896	5019	731
1043.5	1.44147	0.0913743	6.33896	5019	731
1054.01	1.44147	0.0913743	6.33896	5019	731
1064.52	1.44147	0.0913743	6.33896	5019	731
1077.38	1.44147	0.0913743	6.33896	5019	731
1088.32	1.44147	0.0913743	6.33896	5019	731
1097.69	1.44147	0.0913743	6.33896	5019	731
1107.21	1.44147	0.0913743	6.33896	5019	731
1116.01	1.44147	0.0913743	6.33896	5019	731
1125.72	1.44147	0.0913743	6.33896	5019	731
1134.83	1.44147	0.0913743	6.33896	5019	731
1144.61	1.44147	0.0913743	6.33896	5019	731
1154.01	1.44147	0.0913743	6.33896	5019	731
1162.46	1.44147	0.0913743	6.33896	5019	731
1171.9	1.44147	0.0913743	6.33896	5019	731
1180.59	1.44147	0.0913743	6.33896	5019	731
1189.57	1.44147	0.0913743	6.33896	5019	731
1202.96	1.44147	0.0913743	6.33896	5019	731
1215.34	1.44147	0.0913743	6.33896	5019	731
1230.43	1.44147	0.0913743	6.33896	5019	731
1233.73	1.44147	0.0913743	6.33896	5019	731
1236.99	1.44147	0.0913743	6.33896	5019	731
1253.23	1.44147	0.0913743	6.33896	5019	731
1260.21	1.44147	0.0913743	6.33896	5019	731
1261.49	1.44147	0.0913743	6.33896	5019	731
1264.58	1.44147	0.0913743	6.33896	5019	731
1267.83	1.44147	0.0913743	6.33896	5019	731
1274.82	1.44147	0.0913743	6.33896	5019	731
1292.9	1.44147	0.0913743	6.33896	5019	731
1302.82	1.44147	0.0913743	6.33896	5019	731
1313.19	1.44147	0.0913743	6.33896	5019	731
1323.82	1.44147	0.0913743	6.33896	5019	731
1334.42	1.44147	0.0913743	6.33896	5019	731
1344.65	1.44147	0.0913743	6.33896	5019	731
1354.67	1.44147	0.0913743	6.33896	5019	731
1363.97	1.44147	0.0913743	6.33896	5019	731
1373.68	1.44147	0.0913743	6.33896	5019	731
1382.95	1.44147	0.0913743	6.33896	5019	731
1392.93	1.44147	0.0913743	6.33896	5019	731
1402.86	1.44147	0.0913743	6.33896	5019	731
1412.84	1.44147	0.0913743	6.33896	5019	731
1422.87	1.44147	0.0913743	6.33896	5019	731
1432.37	1.44147	0.0913743	6.33896	5019	731
1444.28	1.44147	0.0913743	6.33896	5019	731
1453.48	1.44152	0.0917493	6.36478	5578	734
1459.96	1.44152	0.0917493	6.36478	5192	734
1465.58	1.44152	0.0917493	6.36478	4807	734
1469.09	1.44152	0.0917493	6.36478	4807	734
1472.2	1.44152	0.0917493	6.36478	4807	734
1480.31	1.44152	0.0917493	6.36478	4807	734
1487.4	1.44152	0.0917493	6.36478	4807	734
1494.26	1.44152	0.0917493	6.36478	4807	734
1507.9	1.44152	0.0917493	6.36478	4807	734
1523.92	1.44152	0.0917493	6.36478	4807	734
1531.37	1.44152	0.0917493	6.36478	4807	734
1541.22	1.44152	0.0917493	6.36478	4807	734
1549.02	1.44152	0.0917493	6.36478	4807	734
1562.31	1.44152	0.0917493	6.36478	4807	734
1577.31	1.44152	0.0917493	6.36478	4807	734
1591.12	1.44152	0.0917493	6.36478	4807	734
1604.03	1.44152	0.0917493	6.36478	5248	734
1613.54	1.44152	0.0917493	6.36478	5248	734
1624.04	1.44152	0.0917493	6.36478	5248	734
1640.23	1.44152	0.0917493	6.36478	5248	734
1648.31	1.44152	0.0917493	6.36478	5248	734
1655.81	1.44152	0.0917493	6.36478	5248	734
1661.99	1.44152	0.0917493	6.36478	5248	734
1668.12	1.44152	0.0917493	6.36478	5248	734
1674.89	1.44152	0.0917493	6.36478	5248	734
1680.81	1.44152	0.0917493	6.36478	5248	734
1686.69	1.44152	0.0917493	6.36478	5248	734
1693.97	1.44152	0.0917493	6.36478	5248	734
1697.16	1.44152	0.0917493	6.36478	5248	734
1701.96	1.44152	0.0917493	6.36478	5248	734
1705.58	1.44152	0.0917493	6.36478	5248	734
1710.38	1.44152	0.0917493	6.36478	5248	734
1721.84	1.44152	0.0917493	6.36478	5143	734
1727.45	1.44152	0.0917493	6.36478	5143	734
1732.55	1.44152	0.0917493	6.36478	5143	734
1735.69	1.44152	0.0917493	6.36478	5143	734
