51.212	0.908114	0.0416249	4.58367	4286	333
59.955	0.908433	0.0416249	4.58206	1971	333
70.15	0.918631	0.0416249	4.53119	2205	333
80.004	0.918631	0.0416249	4.53119	2030	333
91.074	0.918633	0.0418749	4.55839	2812	335
102.087	0.918636	0.0418749	4.55838	2470	335
106.401	0.918636	0.0418749	4.55838	2470	335
111.818	0.918636	0.0418749	4.55838	2470	335
117.923	0.918636	0.0418749	4.55838	2470	335
126.329	0.918636	0.0418749	4.55838	2470	335
134.743	0.918636	0.0418749	4.55838	2470	335
142.293	0.921371	0.0448749	4.87045	3769	359
149.086	0.921372	0.0448749	4.87044	3174	359
157.254	0.921403	0.0448749	4.87028	3713	359
165.49	0.92141	0.0448749	4.87024	3706	359
172.535	0.92141	0.0448749	4.87024	3174	359
179.821	0.92141	0.0448749	4.87024	3706	359
185.504	0.92141	0.0448749	4.87024	3706	359
192.686	0.92141	0.0448749	4.87024	3706	359
202.134	0.92141	0.0448749	4.87024	3706	359
212.441	0.92141	0.0448749	4.87024	2982	359
223.491	0.921519	0.0448749	4.86966	2640	359
234.447	0.921519	0.0448749	4.86966	2585	359
245.889	0.921528	0.0448749	4.86961	2648	359
256.843	0.921528	0.0448749	4.86961	2613	359
267.889	0.921528	0.0448749	4.86961	2585	359
279.363	0.921528	0.0448749	4.86961	2585	359
289.185	0.921528	0.0448749	4.86961	2585	359
299.218	0.921528	0.0448749	4.86961	2585	359
305.93	0.921528	0.0448749	4.86961	2585	359
310.681	0.921528	0.0448749	4.86961	2585	359
314.726	0.921528	0.0448749	4.86961	2585	359
326.157	0.923425	0.0448749	4.85961	2634	359
337.355	0.923425	0.0448749	4.85961	2634	359
350.272	0.923425	0.0448749	4.85961	2830	359
363.475	0.923425	0.0448749	4.85961	2851	359
376.838	0.923425	0.0448749	4.85961	2851	359
391.205	0.923425	0.0448749	4.85961	2858	359
407.005	0.923578	0.0448749	4.8588	2900	359
414.653	0.923578	0.0448749	4.8588	2900	359
419.39	0.923578	0.0448749	4.8588	2900	359
423.752	0.923578	0.0448749	4.8588	2900	359
426.024	0.923578	0.0448749	4.8588	2900	359
429.119	0.923578	0.0448749	4.8588	2900	359
431.88	0.923578	0.0448749	4.8588	2900	359
439.526	0.923578	0.0448749	4.8588	2900	359
451.055	0.923578	0.0448749	4.8588	2900	359
468.508	0.923578	0.0448749	4.8588	3152	359
484.771	0.923578	0.0448749	4.8588	2655	359
502.482	0.923617	0.0448749	4.8586	3138	359
519.539	0.923617	0.0448749	4.8586	2704	359
526.867	0.923617	0.0448749	4.8586	2704	359
534.93	0.923617	0.0448749	4.8586	2704	359
540.432	0.923617	0.0448749	4.8586	2704	359
547.517	0.923617	0.0448749	4.8586	2704	359
553.837	0.923617	0.0448749	4.8586	2704	359
562.654	0.923617	0.0448749	4.8586	2697	359
571.922	0.923617	0.0448749	4.8586	2837	359
581.136	0.923617	0.0448749	4.8586	2837	359
590.543	0.923617	0.0448749	4.8586	2837	359
598.921	0.923617	0.0448749	4.8586	2837	359
605.15	0.923617	0.0448749	4.8586	2837	359
611.489	0.923617	0.0448749	4.8586	2837	359
621.118	0.923617	0.0448749	4.8586	2837	359
630.79	0.923617	0.0448749	4.8586	2837	359
639.677	0.923617	0.0448749	4.8586	2837	359
648.746	0.923617	0.0448749	4.8586	2837	359
658.06	0.923617	0.0448749	4.8586	2837	359
666.147	0.923617	0.0448749	4.8586	2837	359
683.439	0.923619	0.0448749	4.85859	3670	359
699.408	0.923621	0.0448749	4.85858	3677	359
706.199	0.923621	0.0448749	4.85858	3677	359
713.096	0.923621	0.0448749	4.85858	3677	359
719.695	0.923621	0.0448749	4.85858	3677	359
726.469	0.923621	0.0448749	4.85858	3677	359
733.378	0.923621	0.0448749	4.85858	3677	359
742.261	0.923621	0.0448749	4.85858	3677	359
749.045	0.923621	0.0448749	4.85858	3677	359
755.399	0.923621	0.0448749	4.85858	3677	359
761.691	0.923621	0.0448749	4.85858	3677	359
768.03	0.923621	0.0448749	4.85858	3677	359
774.374	0.923621	0.0448749	4.85858	3677	359
780.496	0.923621	0.0448749	4.85858	3677	359
786.514	0.923621	0.0448749	4.85858	3677	359
792.667	0.923621	0.0448749	4.85858	3677	359
798.737	0.923621	0.0448749	4.85858	3677	359
807.094	0.923621	0.0448749	4.85858	3677	359
827.599	0.923621	0.0448749	4.85858	3481	359
846.898	0.923621	0.0448749	4.85858	3481	359
853.384	0.923621	0.0448749	4.85858	3481	359
859.909	0.923621	0.0448749	4.85858	3481	359
866.597	0.923621	0.0448749	4.85858	3481	359
873.141	0.923621	0.0448749	4.85858	3481	359
879.628	0.923621	0.0448749	4.85858	3481	359
886.378	0.923621	0.0448749	4.85858	3481	359
891.979	0.923621	0.0448749	4.85858	3481	359
898.826	0.923621	0.0448749	4.85858	3481	359
905.472	0.923621	0.0448749	4.85858	3481	359
911.926	0.923621	0.0448749	4.85858	3481	359
918.062	0.923621	0.0448749	4.85858	3481	359
924.137	0.923621	0.0448749	4.85858	3481	359
930.301	0.923621	0.0448749	4.85858	3481	359
936.835	0.923621	0.0448749	4.85858	3481	359
942.879	0.923621	0.0448749	4.85858	3481	359
949.191	0.923621	0.0448749	4.85858	3481	359
955.112	0.923621	0.0448749	4.85858	3481	359
961.02	0.923621	0.0448749	4.85858	3481	359
968.476	0.923621	0.0448749	4.85858	3481	359
979.484	0.923621	0.0448749	4.85858	3481	359
987.922	0.923621	0.0448749	4.85858	3481	359
995.441	0.923621	0.0448749	4.85858	3481	359
1003	0.923621	0.0448749	4.85858	3481	359
1010.36	0.923621	0.0448749	4.85858	3481	359
1017.63	0.923621	0.0448749	4.85858	3481	359
1026.32	0.923621	0.0448749	4.85858	3222	359
1043.61	0.923621	0.0448749	4.85858	2648	359
1054.11	0.923621	0.0448749	4.85858	2648	359
1064.62	0.923621	0.0448749	4.85858	2648	359
1077.48	0.923621	0.0448749	4.85858	2648	359
1088.42	0.923621	0.0448749	4.85858	2648	359
1097.8	0.923621	0.0448749	4.85858	2648	359
1107.33	0.923621	0.0448749	4.85858	2648	359
1116.11	0.923621	0.0448749	4.85858	2648	359
1125.82	0.923621	0.0448749	4.85858	2648	359
1134.94	0.923621	0.0448749	4.85858	2648	359
1144.71	0.923621	0.0448749	4.85858	2648	359
1154.11	0.923621	0.0448749	4.85858	2648	359
1162.57	0.923621	0.0448749	4.85858	2648	359
1172.02	0.923621	0.0448749	4.85858	2648	359
1180.69	0.923621	0.0448749	4.85858	2648	359
1189.67	0.923621	0.0448749	4.85858	2648	359
1203.06	0.923621	0.0448749	4.85858	2648	359
1215.45	0.923621	0.0448749	4.85858	2648	359
1230.54	0.923621	0.0448749	4.85858	2648	359
1233.82	0.923621	0.0448749	4.85858	2648	359
1237.08	0.923621	0.0448749	4.85858	2648	359
1253.32	0.923621	0.0448749	4.85858	2473	359
1260.3	0.923621	0.0448749	4.85858	2473	359
1261.59	0.923621	0.0448749	4.85858	2473	359
1264.66	0.923621	0.0448749	4.85858	2473	359
1267.92	0.923621	0.0448749	4.85858	2473	359
1274.91	0.923621	0.0448749	4.85858	2473	359
1292.99	0.923621	0.0448749	4.85858	2473	359
1302.91	0.923621	0.0448749	4.85858	2473	359
1313.29	0.923621	0.0448749	4.85858	2473	359
1323.91	0.923621	0.0448749	4.85858	2473	359
1334.5	0.923621	0.0448749	4.85858	2473	359
1344.73	0.923621	0.0448749	4.85858	2473	359
1354.75	0.923621	0.0448749	4.85858	2473	359
1364.05	0.923621	0.0448749	4.85858	2473	359
1373.76	0.923621	0.0448749	4.85858	2473	359
1383.03	0.923621	0.0448749	4.85858	2473	359
1393.02	0.923621	0.0448749	4.85858	2473	359
1402.94	0.923621	0.0448749	4.85858	2473	359
1412.93	0.923621	0.0448749	4.85858	2473	359
1422.96	0.923621	0.0448749	4.85858	2473	359
1432.46	0.923621	0.0448749	4.85858	2473	359
1444.37	0.923621	0.0448749	4.85858	2473	359
1453.59	0.923621	0.0448749	4.85858	2473	359
1460.06	0.923621	0.0448749	4.85858	2473	359
1465.69	0.923621	0.0448749	4.85858	2473	359
1469.19	0.923621	0.0448749	4.85858	2473	359
1472.3	0.923621	0.0448749	4.85858	2473	359
1480.41	0.923621	0.0448749	4.85858	2473	359
1487.49	0.923621	0.0448749	4.85858	2473	359
1494.35	0.923621	0.0448749	4.85858	2473	359
1508.01	0.923622	0.0448749	4.85858	2515	359
1524.01	0.923622	0.0448749	4.85858	2515	359
1531.47	0.923622	0.0448749	4.85858	2515	359
1541.31	0.923622	0.0448749	4.85858	2515	359
1549.12	0.923622	0.0448749	4.85858	2515	359
1562.44	0.923622	0.0448749	4.85858	2515	359
1577.41	0.923622	0.0448749	4.85858	2515	359
1591.21	0.923622	0.0448749	4.85858	2515	359
1604.13	0.923622	0.0448749	4.85858	2515	359
1613.65	0.923622	0.0448749	4.85858	2557	359
1624.16	0.923622	0.0448749	4.85858	2592	359
1640.34	0.923622	0.0448749	4.85858	3005	359
1648.42	0.923622	0.0448749	4.85858	3005	359
1655.91	0.923622	0.0448749	4.85858	3005	359
1662.11	0.923622	0.0448749	4.85858	3005	359
1668.23	0.923622	0.0448749	4.85858	3005	359
1675	0.923622	0.0448749	4.85858	3005	359
1680.92	0.923622	0.0448749	4.85858	3005	359
1686.81	0.923622	0.0448749	4.85858	3005	359
1694.08	0.923622	0.0448749	4.85858	3005	359
1697.27	0.923622	0.0448749	4.85858	3005	359
1702.07	0.923622	0.0448749	4.85858	3005	359
1705.69	0.923622	0.0448749	4.85858	3005	359
1710.49	0.923622	0.0448749	4.85858	3005	359
1721.95	0.923622	0.0448749	4.85858	3005	359
1727.56	0.923622	0.0448749	4.85858	3005	359
1732.66	0.923622	0.0448749	4.85858	3005	359
1735.69	0.923622	0.0448749	4.85858	3005	359
