51.198	0.682367	0.011	1.61204	697	88
59.939	0.683098	0.011	1.61031	753	88
70.121	0.69567	0.011	1.58121	1643	88
79.981	0.69567	0.011	1.58121	1168	88
91.03	0.695813	0.011	1.58088	2082	88
102.056	0.695813	0.011	1.58088	1613	88
106.374	0.695813	0.011	1.58088	1613	88
111.794	0.695813	0.011	1.58088	1613	88
117.899	0.695813	0.011	1.58088	1613	88
126.298	0.695813	0.011	1.58088	1613	88
134.707	0.695813	0.011	1.58088	1613	88
142.282	0.697443	0.011	1.57719	1627	88
149.069	0.697443	0.011	1.57719	1592	88
157.225	0.697446	0.011	1.57718	1627	88
165.471	0.697446	0.011	1.57718	1627	88
172.512	0.697446	0.011	1.57718	1592	88
179.803	0.697449	0.011	1.57718	1627	88
185.48	0.697449	0.011	1.57718	1627	88
192.667	0.697449	0.011	1.57718	1627	88
202.112	0.697449	0.011	1.57718	1627	88
212.424	0.697449	0.011	1.57718	1627	88
223.476	0.697449	0.011	1.57718	1627	88
234.429	0.697449	0.011	1.57718	1627	88
245.869	0.697449	0.011	1.57718	1627	88
256.826	0.697449	0.011	1.57718	1627	88
267.87	0.697449	0.011	1.57718	1627	88
279.346	0.697449	0.011	1.57718	1627	88
289.166	0.697449	0.011	1.57718	1627	88
299.202	0.697449	0.011	1.57718	1627	88
305.907	0.697449	0.011	1.57718	1627	88
310.666	0.920042	0.011	1.1956	1557	88
314.697	0.923311	0.037	4.00731	2729	296
326.116	0.923565	0.03775	4.08742	3226	302
337.321	0.923566	0.038125	4.12802	3242	305
350.24	0.923566	0.038125	4.12802	3242	305
363.444	0.923566	0.038125	4.12802	3242	305
376.804	0.923566	0.038125	4.12802	3242	305
391.173	0.923566	0.038125	4.12802	3242	305
406.97	0.923566	0.038125	4.12802	3242	305
414.615	0.923566	0.038125	4.12802	3242	305
419.361	0.923566	0.038125	4.12802	3242	305
423.72	0.923566	0.038125	4.12802	3242	305
425.989	0.923566	0.038125	4.12802	3242	305
429.084	0.923566	0.038125	4.12802	3242	305
431.851	0.923566	0.038125	4.12802	3242	305
439.489	0.923566	0.038125	4.12802	3242	305
451.021	0.923566	0.038125	4.12802	3242	305
468.462	0.923567	0.0392499	4.24982	2423	314
484.724	0.923567	0.0392499	4.24982	1639	314
502.426	0.923567	0.0396249	4.29043	2269	317
519.485	0.923567	0.0396249	4.29043	1639	317
526.818	0.923567	0.0396249	4.29043	1639	317
534.884	0.923567	0.0396249	4.29043	1639	317
540.403	0.923567	0.0396249	4.29043	2305	317
547.484	0.923567	0.0396249	4.29043	2305	317
553.806	0.923567	0.0396249	4.29043	2305	317
562.614	0.92357	0.0397499	4.30394	2678	318
571.885	0.923584	0.0403749	4.37155	2909	323
581.092	0.923584	0.0403749	4.37155	2888	323
590.502	0.923584	0.0403749	4.37155	2888	323
598.881	0.923584	0.0403749	4.37155	2888	323
605.116	0.923584	0.0403749	4.37155	2888	323
611.451	0.923584	0.0403749	4.37155	2888	323
621.079	0.923584	0.0403749	4.37155	2888	323
630.751	0.923584	0.0403749	4.37155	2888	323
639.636	0.923584	0.0403749	4.37155	2888	323
648.711	0.923584	0.0403749	4.37155	2888	323
658.021	0.923584	0.0403749	4.37155	2888	323
666.108	0.923584	0.0403749	4.37155	2888	323
683.396	0.923584	0.0403749	4.37155	2928	323
699.365	0.923584	0.0403749	4.37155	2902	323
706.159	0.923584	0.0403749	4.37155	2902	323
713.056	0.923584	0.0403749	4.37155	2902	323
719.656	0.923584	0.0403749	4.37155	2902	323
726.43	0.923584	0.0403749	4.37155	2902	323
733.342	0.923584	0.0403749	4.37155	2902	323
742.215	0.923584	0.0403749	4.37155	2902	323
749.007	0.923584	0.0403749	4.37155	2902	323
755.358	0.923584	0.0403749	4.37155	2902	323
761.651	0.923584	0.0403749	4.37155	2902	323
767.987	0.923584	0.0403749	4.37155	2902	323
774.333	0.923584	0.0403749	4.37155	2902	323
780.453	0.923584	0.0403749	4.37155	2902	323
786.475	0.923584	0.0403749	4.37155	2902	323
792.629	0.923584	0.0403749	4.37155	2902	323
798.701	0.923584	0.0403749	4.37155	2902	323
807.046	0.923584	0.0403749	4.37155	2902	323
827.548	0.923584	0.0403749	4.37155	2602	323
846.848	0.923584	0.0421249	4.56102	2616	337
853.33	0.923584	0.0421249	4.56102	2616	337
859.854	0.923584	0.0421249	4.56102	2616	337
866.546	0.923584	0.0421249	4.56102	2616	337
873.091	0.923584	0.0421249	4.56102	2616	337
879.572	0.923584	0.0421249	4.56102	2616	337
886.325	0.923584	0.0421249	4.56102	2616	337
891.925	0.923584	0.0421249	4.56102	2616	337
898.772	0.923584	0.0421249	4.56102	2616	337
905.418	0.923584	0.0421249	4.56102	2616	337
911.868	0.923584	0.0421249	4.56102	2616	337
918.008	0.923584	0.0421249	4.56102	2616	337
924.083	0.923584	0.0421249	4.56102	2616	337
930.247	0.923584	0.0421249	4.56102	2616	337
936.781	0.923584	0.0421249	4.56102	2616	337
942.822	0.923584	0.0421249	4.56102	2616	337
949.137	0.923584	0.0421249	4.56102	2616	337
955.062	0.923584	0.0421249	4.56102	2616	337
960.964	0.923584	0.0421249	4.56102	2616	337
968.422	0.923584	0.0421249	4.56102	2616	337
979.435	0.923584	0.0421249	4.56102	2616	337
987.871	0.923584	0.0421249	4.56102	2616	337
995.386	0.923584	0.0421249	4.56102	2616	337
1002.95	0.923584	0.0421249	4.56102	2616	337
1010.31	0.923584	0.0421249	4.56102	2616	337
1017.58	0.923584	0.0421249	4.56102	2616	337
1026.26	0.923584	0.0422499	4.57456	2015	331
1043.55	0.923584	0.0422499	4.57456	2015	331
1054.06	0.923584	0.0422499	4.57456	2015	331
1064.57	0.923584	0.0422499	4.57456	2015	331
1077.43	0.923584	0.0422499	4.57456	2015	331
1088.36	0.923584	0.0422499	4.57456	2015	331
1097.74	0.923584	0.0422499	4.57456	2015	331
1107.26	0.923584	0.0422499	4.57456	2015	331
1116.05	0.923584	0.0422499	4.57456	2015	331
1125.76	0.923584	0.0422499	4.57456	2015	331
1134.88	0.923584	0.0422499	4.57456	2015	331
1144.65	0.923584	0.0422499	4.57456	2015	331
1154.06	0.923584	0.0422499	4.57456	2015	331
1162.51	0.923584	0.0422499	4.57456	2015	331
1171.95	0.923584	0.0422499	4.57456	2015	331
1180.64	0.923584	0.0422499	4.57456	2015	331
1189.61	0.923584	0.0422499	4.57456	2015	331
1203.01	0.923584	0.0422499	4.57456	2015	331
1215.38	0.923584	0.0422499	4.57456	2015	331
1230.48	0.923584	0.0422499	4.57456	2015	331
1233.78	0.923584	0.0422499	4.57456	1672	331
1237.03	0.923584	0.0422499	4.57456	1924	331
1253.28	0.923584	0.0422499	4.57456	1924	331
1260.26	0.923584	0.0422499	4.57456	1924	331
1261.54	0.923584	0.0422499	4.57456	1924	331
1264.62	0.923584	0.0422499	4.57456	1924	331
1267.88	0.923584	0.0422499	4.57456	1924	331
1274.87	0.923584	0.0422499	4.57456	1924	331
1292.95	0.923584	0.0422499	4.57456	1924	331
1302.87	0.923584	0.0422499	4.57456	1924	331
1313.24	0.923584	0.0422499	4.57456	1924	331
1323.87	0.923584	0.0422499	4.57456	1924	331
1334.46	0.923584	0.0422499	4.57456	1924	331
1344.69	0.923584	0.0422499	4.57456	1924	331
1354.71	0.923584	0.0422499	4.57456	1924	331
1364.01	0.923584	0.0422499	4.57456	1924	331
1373.73	0.923584	0.0422499	4.57456	1924	331
1382.99	0.923584	0.0422499	4.57456	1924	331
1392.98	0.923584	0.0422499	4.57456	1924	331
1402.91	0.923584	0.0422499	4.57456	1924	331
1412.89	0.923584	0.0422499	4.57456	1924	331
1422.92	0.923584	0.0422499	4.57456	1924	331
1432.42	0.923584	0.0422499	4.57456	1924	331
1444.33	0.923584	0.0422499	4.57456	1924	331
1453.55	0.923584	0.0422499	4.57456	1924	331
1460.02	0.923584	0.0422499	4.57456	2131	331
1465.65	0.923584	0.0422499	4.57456	1922	331
1469.15	0.923626	0.0422499	4.57435	2916	331
1472.26	0.923626	0.0422499	4.57435	2337	331
1480.38	0.923626	0.0422499	4.57435	2715	331
1487.46	0.923636	0.0422499	4.5743	2666	331
1494.32	0.923636	0.0422499	4.5743	2659	331
1507.97	0.923636	0.0422499	4.5743	2659	331
1523.98	0.923636	0.0422499	4.5743	2659	331
1531.43	0.923636	0.0422499	4.5743	2659	331
1541.28	0.923636	0.0422499	4.5743	2659	331
1549.08	0.923636	0.0422499	4.5743	2659	331
1562.39	0.923636	0.0422499	4.5743	2659	331
1577.37	0.923636	0.0422499	4.5743	2659	331
1591.18	0.923636	0.0422499	4.5743	2659	331
1604.1	0.923636	0.0422499	4.5743	2659	331
1613.61	0.923636	0.0422499	4.5743	2729	331
1624.11	0.923636	0.0422499	4.5743	3520	331
1640.3	0.923636	0.0422499	4.5743	3520	331
1648.38	0.923636	0.0422499	4.5743	3520	331
1655.88	0.923636	0.0422499	4.5743	3520	331
1662.07	0.923636	0.0422499	4.5743	3520	331
1668.2	0.923636	0.0422499	4.5743	3520	331
1674.97	0.923636	0.0422499	4.5743	3520	331
1680.88	0.923636	0.0422499	4.5743	3520	331
1686.77	0.923636	0.0422499	4.5743	3520	331
1694.04	0.923636	0.0422499	4.5743	3520	331
1697.23	0.923636	0.0428749	4.64197	2352	336
1702.04	0.923636	0.0428749	4.64197	2463	336
1705.65	0.923636	0.0428749	4.64197	2463	336
1710.46	0.923636	0.0428749	4.64197	2365	336
1721.92	0.923636	0.0428749	4.64197	2232	336
1727.52	0.923636	0.0428749	4.64197	2232	336
1732.63	0.923636	0.0428749	4.64197	2232	336
1735.69	0.923636	0.0428749	4.64197	2232	336
