306.268	0.00643536	0.001	15.5391	9	8
311.028	0.00643536	0.001	15.5391	9	8
315.074	0.00643536	0.001	15.5391	9	8
326.507	0.00643536	0.001	15.5391	9	8
337.695	0.00643536	0.001	15.5391	9	8
350.656	0.00643536	0.001	15.5391	9	8
363.87	0.00643536	0.001	15.5391	9	8
377.226	0.00643536	0.001	15.5391	9	8
391.617	0.00643536	0.001	15.5391	9	8
407.433	0.00643536	0.001	15.5391	9	8
415.045	0.00643536	0.001	15.5391	9	8
419.787	0.00643536	0.001	15.5391	9	8
424.176	0.00643536	0.001	15.5391	9	8
426.447	0.00643536	0.001	15.5391	9	8
429.558	0.00643536	0.001	15.5391	9	8
432.284	0.00643536	0.001	15.5391	9	8
439.956	0.00643536	0.001	15.5391	9	8
451.467	0.00643536	0.001	15.5391	9	8
468.986	0.00643536	0.001	15.5391	9	8
485.25	0.00643536	0.001	15.5391	9	8
502.948	0.00643536	0.001	15.5391	9	8
520.02	0.00643536	0.001	15.5391	9	8
527.342	0.00643536	0.001	15.5391	9	8
535.4	0.00643536	0.001	15.5391	9	8
540.896	0.00643536	0.001	15.5391	9	8
547.976	0.00643536	0.001	15.5391	9	8
554.322	0.00643536	0.001	15.5391	9	8
563.135	0.00643536	0.001	15.5391	9	8
572.413	0.00643536	0.001	15.5391	9	8
581.622	0.00643536	0.001	15.5391	9	8
591.037	0.00643536	0.001	15.5391	9	8
599.416	0.0497997	0.010125	20.3314	68	81
605.646	0.330289	0.013125	3.9738	95	105
611.974	0.33135	0.0721245	21.7669	581	577
621.64	0.33135	0.0721245	21.7669	581	577
631.281	0.33135	0.0721245	21.7669	581	577
640.162	0.33135	0.0721245	21.7669	581	577
649.23	0.33135	0.0721245	21.7669	581	577
658.538	0.33135	0.0721245	21.7669	581	577
666.668	0.33135	0.0721245	21.7669	581	577
683.97	0.33135	0.0721245	21.7669	581	577
699.947	0.33135	0.0721245	21.7669	581	577
706.727	0.33135	0.0721245	21.7669	581	577
713.607	0.33135	0.0721245	21.7669	581	577
720.209	0.33135	0.0721245	21.7669	581	577
726.984	0.33135	0.0721245	21.7669	581	577
733.881	0.33135	0.0721245	21.7669	581	577
742.757	0.33135	0.0759995	22.9363	654	608
749.641	0.33143	0.0771245	23.2702	664	617
755.921	0.331499	0.0771245	23.2653	664	617
762.225	0.331554	0.0772495	23.2992	665	618
768.562	0.331554	0.0772495	23.2992	665	618
774.885	0.331584	0.0773745	23.3348	666	619
781.031	0.331592	0.0773745	23.3342	666	619
787.031	0.331592	0.0773745	23.3342	666	619
793.168	0.331592	0.0774994	23.3719	667	620
799.248	0.331592	0.0774994	23.3719	667	620
807.642	0.331592	0.0774994	23.3719	667	620
828.175	0.331592	0.0774994	23.3719	667	620
847.453	0.331592	0.0774994	23.3719	667	620
853.958	0.331592	0.0774994	23.3719	667	620
860.488	0.331592	0.0774994	23.3719	667	620
867.176	0.331592	0.0774994	23.3719	667	620
873.722	0.331592	0.0774994	23.3719	667	620
880.195	0.331592	0.0774994	23.3719	667	620
886.933	0.331592	0.0774994	23.3719	667	620
892.542	0.331593	0.0826244	24.9174	743	661
899.402	0.331593	0.0827494	24.9551	743	662
906.046	0.331593	0.0832494	25.1059	743	666
912.496	0.331593	0.0832494	25.1059	743	666
918.615	0.331593	0.0832494	25.1059	743	666
924.694	0.331593	0.0832494	25.1059	743	666
930.86	0.331593	0.0832494	25.1059	743	666
937.401	0.331593	0.0832494	25.1059	743	666
943.453	0.331593	0.0832494	25.1059	743	666
949.762	0.331593	0.0832494	25.1059	743	666
955.68	0.331593	0.0832494	25.1059	743	666
961.569	0.331593	0.0832494	25.1059	743	666
969.031	0.331593	0.0832494	25.1059	743	666
980.073	0.331593	0.0832494	25.1059	743	666
988.522	0.331593	0.0832494	25.1059	743	666
996.035	0.331593	0.0832494	25.1059	743	666
1003.59	0.331593	0.0832494	25.1059	743	666
1010.97	0.331593	0.0832494	25.1059	743	666
1018.21	0.331593	0.0832494	25.1059	743	666
1026.93	0.331593	0.0832494	25.1059	743	666
1044.22	0.331593	0.0832494	25.1059	743	666
1054.7	0.331593	0.0832494	25.1059	743	666
1065.2	0.331593	0.0832494	25.1059	743	666
1078.05	0.331593	0.0832494	25.1059	743	666
1088.94	0.331593	0.0832494	25.1059	743	666
1098.29	0.331593	0.0832494	25.1059	743	666
1107.8	0.331593	0.0832494	25.1059	743	666
1116.58	0.331593	0.0832494	25.1059	743	666
1126.27	0.331593	0.0832494	25.1059	743	666
1135.39	0.331593	0.0832494	25.1059	743	666
1145.17	0.331593	0.0832494	25.1059	743	666
1154.56	0.331593	0.0832494	25.1059	743	666
1163.03	0.331593	0.0832494	25.1059	743	666
1172.53	0.331593	0.0832494	25.1059	743	666
1181.14	0.331593	0.0832494	25.1059	743	666
1190.13	0.331593	0.0832494	25.1059	743	666
1203.56	0.331593	0.0832494	25.1059	743	666
1215.96	0.331593	0.0832494	25.1059	743	666
1231.06	0.331593	0.0858743	25.8975	840	687
1234.37	0.331593	0.0858743	25.8975	840	687
1237.6	0.331593	0.0858743	25.8975	840	687
1253.88	0.331593	0.0858743	25.8975	840	687
1260.89	0.331593	0.0858743	25.8975	840	687
1262.18	0.331593	0.0858743	25.8975	840	687
1265.2	0.331593	0.0858743	25.8975	840	687
1268.49	0.331593	0.0858743	25.8975	840	687
1275.44	0.331593	0.0858743	25.8975	840	687
1293.56	0.331593	0.0858743	25.8975	840	687
1303.52	0.331593	0.0858743	25.8975	840	687
1313.87	0.331593	0.0858743	25.8975	840	687
1324.53	0.331593	0.0858743	25.8975	840	687
1335.04	0.331593	0.0858743	25.8975	840	687
1345.29	0.331593	0.0858743	25.8975	840	687
1355.31	0.331593	0.0858743	25.8975	840	687
1364.57	0.331593	0.0858743	25.8975	840	687
1374.3	0.331593	0.0858743	25.8975	840	687
1383.58	0.331593	0.0858743	25.8975	840	687
1393.56	0.331593	0.0858743	25.8975	840	687
1403.49	0.331593	0.0858743	25.8975	840	687
1413.47	0.331593	0.0858743	25.8975	840	687
1423.51	0.331593	0.0858743	25.8975	840	687
1433.01	0.331593	0.0858743	25.8975	840	687
1444.94	0.331593	0.0858743	25.8975	840	687
1454.16	0.331593	0.0858743	25.8975	840	687
1460.64	0.331593	0.0858743	25.8975	840	687
1466.26	0.331593	0.0858743	25.8975	840	687
1469.78	0.331593	0.0858743	25.8975	840	687
1472.86	0.331593	0.0858743	25.8975	840	687
1480.99	0.331593	0.0858743	25.8975	840	687
1488.06	0.331593	0.0858743	25.8975	840	687
1494.95	0.331593	0.0858743	25.8975	840	687
1508.6	0.331593	0.0858743	25.8975	840	687
1524.64	0.331593	0.0962492	29.0263	871	770
1532.08	0.331593	0.0962492	29.0263	871	770
1541.92	0.331593	0.0962492	29.0263	871	770
1549.74	0.331593	0.0962492	29.0263	871	770
1563.22	0.331593	0.0962492	29.0263	871	770
1578.08	0.331593	0.0962492	29.0263	871	770
1591.87	0.331593	0.0962492	29.0263	871	770
1604.8	0.331593	0.0966242	29.1394	868	773
1614.3	0.331593	0.0966242	29.1394	868	773
1624.88	0.331593	0.0966242	29.1394	868	773
1641.08	0.331593	0.0966242	29.1394	868	773
1649.09	0.331593	0.0966242	29.1394	868	773
1656.57	0.331593	0.0966242	29.1394	868	773
1662.76	0.331593	0.0966242	29.1394	868	773
1668.86	0.331593	0.0966242	29.1394	868	773
1675.61	0.331593	0.0966242	29.1394	868	773
1681.53	0.331593	0.0966242	29.1394	868	773
1687.46	0.331593	0.0966242	29.1394	868	773
1694.72	0.331593	0.0966242	29.1394	868	773
1697.89	0.331593	0.0966242	29.1394	868	773
1702.72	0.331593	0.0966242	29.1394	868	773
1706.3	0.331593	0.0966242	29.1394	868	773
1711.12	0.331593	0.0966242	29.1394	868	773
1722.58	0.331593	0.0966242	29.1394	868	773
1728.17	0.331593	0.0966242	29.1394	868	773
1733.31	0.331593	0.0966242	29.1394	868	773
1735.69	0.331593	0.0966242	29.1394	868	773
