192.927	0.000780636	0.002375	304.239	9	19
202.401	0.000937675	0.002875	306.609	15	23
212.715	0.000937675	0.002875	306.609	15	23
223.746	0.000937675	0.002875	306.609	15	23
234.706	0.000937675	0.002875	306.609	15	23
246.142	0.000937675	0.002875	306.609	15	23
257.097	0.000937675	0.002875	306.609	15	23
268.159	0.000937675	0.002875	306.609	15	23
279.638	0.000937675	0.002875	306.609	15	23
289.437	0.000940867	0.002875	305.569	15	23
299.479	0.000941122	0.002875	305.486	15	23
306.179	0.000941122	0.002875	305.486	15	23
310.936	0.000941122	0.002875	305.486	15	23
314.984	0.000941122	0.002875	305.486	15	23
326.421	0.000941122	0.002875	305.486	15	23
337.61	0.000941122	0.002875	305.486	15	23
350.573	0.000941122	0.002875	305.486	15	23
363.793	0.000941122	0.002875	305.486	15	23
377.142	0.000941122	0.002875	305.486	15	23
391.525	0.000941122	0.002875	305.486	15	23
407.344	0.000941122	0.002875	305.486	15	23
414.978	0.00369642	0.002875	77.7779	31	23
419.721	0.00442531	0.003375	76.2659	39	27
424.102	0.00442531	0.003375	76.2659	39	27
426.38	0.00442531	0.003375	76.2659	39	27
429.482	0.00442531	0.003375	76.2659	39	27
432.215	0.00442531	0.003375	76.2659	39	27
439.88	0.00442531	0.003375	76.2659	39	27
451.393	0.00442531	0.003375	76.2659	39	27
468.907	0.00442531	0.003375	76.2659	39	27
485.176	0.00442531	0.003375	76.2659	39	27
502.883	0.00442531	0.003375	76.2659	39	27
519.951	0.00442531	0.003375	76.2659	39	27
527.278	0.00442531	0.003375	76.2659	39	27
535.331	0.00442531	0.003375	76.2659	39	27
540.828	0.00442531	0.003375	76.2659	39	27
547.906	0.00442531	0.003375	76.2659	39	27
554.258	0.00442531	0.003375	76.2659	39	27
563.07	0.00442531	0.003375	76.2659	39	27
572.344	0.00442531	0.003375	76.2659	39	27
581.553	0.00442531	0.003375	76.2659	39	27
590.972	0.00442531	0.003375	76.2659	39	27
599.345	0.00442531	0.003375	76.2659	39	27
605.57	0.00442531	0.003375	76.2659	39	27
611.894	0.00442531	0.003375	76.2659	39	27
621.558	0.00449272	0.0035	77.9038	154	28
631.209	0.00461199	0.0035	75.8892	207	28
640.097	0.00461199	0.0035	75.8892	203	28
649.176	0.00461204	0.0035	75.8883	213	28
658.485	0.00461204	0.0035	75.8883	213	28
666.614	0.00482401	0.0035	72.5538	255	28
683.909	0.00482401	0.0035	72.5538	255	28
699.888	0.00482401	0.0035	72.5538	255	28
706.67	0.00482401	0.0035	72.5538	255	28
713.555	0.00482401	0.0035	72.5538	255	28
720.152	0.00482401	0.0035	72.5538	255	28
726.929	0.00482401	0.0035	72.5538	255	28
733.822	0.00482401	0.0035	72.5538	255	28
742.703	0.00482401	0.0035	72.5538	255	28
749.573	0.00482401	0.0035	72.5538	255	28
755.852	0.00482401	0.0035	72.5538	255	28
762.155	0.00482401	0.0035	72.5538	255	28
768.507	0.00482401	0.0035	72.5538	255	28
774.827	0.00482401	0.0035	72.5538	255	28
780.971	0.00482401	0.0035	72.5538	255	28
786.98	0.00482401	0.0035	72.5538	255	28
793.112	0.00482401	0.0035	72.5538	255	28
799.189	0.00482401	0.0035	72.5538	255	28
807.588	0.00482402	0.0035	72.5536	227	28
828.121	0.00482402	0.0035	72.5536	227	28
847.403	0.00482402	0.0035	72.5536	227	28
853.891	0.00482402	0.0035	72.5536	227	28
860.421	0.00482402	0.0035	72.5536	227	28
867.119	0.00482402	0.0035	72.5536	227	28
873.662	0.00482402	0.0035	72.5536	227	28
880.141	0.00482402	0.0035	72.5536	227	28
886.882	0.00482402	0.0035	72.5536	227	28
892.492	0.00482402	0.0035	72.5536	227	28
899.349	0.00482402	0.0035	72.5536	227	28
905.99	0.00482402	0.0035	72.5536	227	28
912.447	0.00482402	0.0035	72.5536	227	28
918.566	0.00482402	0.0035	72.5536	227	28
924.643	0.00482402	0.0035	72.5536	227	28
930.81	0.00482402	0.0035	72.5536	227	28
937.352	0.00482402	0.0035	72.5536	227	28
943.399	0.00482402	0.0035	72.5536	227	28
949.709	0.00482402	0.0035	72.5536	227	28
955.627	0.00482402	0.0035	72.5536	227	28
961.517	0.00482402	0.0035	72.5536	227	28
968.982	0.00482402	0.0035	72.5536	227	28
980.019	0.00482402	0.0035	72.5536	227	28
988.47	0.0048303	0.0035	72.4593	213	28
995.986	0.0048303	0.0035	72.4593	213	28
1003.54	0.0048303	0.0035	72.4593	213	28
1010.92	0.0048303	0.0035	72.4593	213	28
1018.16	0.00483194	0.0035	72.4347	213	28
1026.88	0.00483194	0.0035	72.4347	213	28
1044.17	0.00483194	0.0035	72.4347	213	28
1054.64	0.00483194	0.0035	72.4347	213	28
1065.15	0.00483194	0.0035	72.4347	213	28
1077.99	0.00483194	0.0035	72.4347	213	28
1088.88	0.00483194	0.0035	72.4347	213	28
1098.23	0.00483194	0.0035	72.4347	213	28
1107.75	0.00483194	0.0035	72.4347	213	28
1116.53	0.00483194	0.0035	72.4347	213	28
1126.22	0.00483194	0.0035	72.4347	213	28
1135.35	0.00483194	0.0035	72.4347	213	28
1145.12	0.00483194	0.0035	72.4347	213	28
1154.51	0.00483194	0.0035	72.4347	213	28
1162.99	0.00483194	0.0035	72.4347	213	28
1172.47	0.00483194	0.0035	72.4347	213	28
1181.09	0.00483194	0.0035	72.4347	213	28
1190.08	0.00483194	0.0035	72.4347	213	28
1203.5	0.00483194	0.0035	72.4347	213	28
1215.86	0.00483263	0.0035	72.4244	213	28
1230.94	0.00483263	0.0035	72.4244	213	28
1234.27	0.00483263	0.0035	72.4244	213	28
1237.49	0.00483263	0.0035	72.4244	213	28
1253.77	0.00483263	0.0035	72.4244	213	28
1260.77	0.00483263	0.0035	72.4244	213	28
1262.05	0.00483263	0.0035	72.4244	213	28
1265.1	0.00483263	0.0035	72.4244	213	28
1268.38	0.00483263	0.0035	72.4244	213	28
1275.34	0.00483263	0.0035	72.4244	213	28
1293.45	0.00483263	0.0035	72.4244	213	28
1303.41	0.00483263	0.0035	72.4244	213	28
1313.77	0.00483263	0.0035	72.4244	213	28
1324.42	0.00483263	0.0035	72.4244	213	28
1334.94	0.00483263	0.0035	72.4244	213	28
1345.19	0.00483263	0.0035	72.4244	213	28
1355.21	0.00483263	0.0035	72.4244	213	28
1364.47	0.00483263	0.0035	72.4244	213	28
1374.19	0.00483263	0.0035	72.4244	213	28
1383.46	0.00483263	0.0035	72.4244	213	28
1393.46	0.00483263	0.0035	72.4244	213	28
1403.39	0.00483263	0.0035	72.4244	213	28
1413.37	0.00483263	0.0035	72.4244	213	28
1423.41	0.00483263	0.0035	72.4244	213	28
1432.91	0.00483263	0.0035	72.4244	213	28
1444.82	0.00483263	0.0035	72.4244	213	28
1454.05	0.00483263	0.0035	72.4244	213	28
1460.51	0.00483263	0.0035	72.4244	213	28
1466.14	0.00483263	0.0035	72.4244	213	28
1469.66	0.00483263	0.0035	72.4244	213	28
1472.75	0.00483263	0.0035	72.4244	213	28
1480.86	0.00483263	0.0035	72.4244	213	28
1487.94	0.00483263	0.0035	72.4244	213	28
1494.82	0.00483263	0.0035	72.4244	213	28
1508.47	0.00483263	0.0035	72.4244	213	28
1524.51	0.00483263	0.0035	72.4244	213	28
1531.95	0.00483263	0.0035	72.4244	213	28
1541.79	0.00483263	0.0035	72.4244	213	28
1549.62	0.00483263	0.0035	72.4244	213	28
1563.07	0.00483263	0.0035	72.4244	213	28
1577.93	0.00483263	0.0035	72.4244	213	28
1591.72	0.00483263	0.0035	72.4244	213	28
1604.64	0.00483263	0.0035	72.4244	213	28
1614.15	0.00483263	0.0035	72.4244	213	28
1624.73	0.00483263	0.0035	72.4244	213	28
1640.91	0.00483263	0.0035	72.4244	213	28
1648.95	0.00483263	0.0035	72.4244	213	28
1656.43	0.00483263	0.0035	72.4244	213	28
1662.6	0.00483263	0.0035	72.4244	213	28
1668.71	0.00483263	0.0035	72.4244	213	28
1675.47	0.00483263	0.0035	72.4244	213	28
1681.39	0.00483263	0.0035	72.4244	213	28
1687.32	0.00483263	0.0035	72.4244	213	28
1694.57	0.00483263	0.0035	72.4244	213	28
1697.75	0.00483263	0.0035	72.4244	213	28
1702.58	0.00483263	0.0035	72.4244	213	28
1706.14	0.00483263	0.0035	72.4244	213	28
1710.98	0.00483263	0.0035	72.4244	213	28
1722.43	0.00483263	0.0035	72.4244	213	28
1728.03	0.00483263	0.0035	72.4244	213	28
1733.16	0.00483263	0.0035	72.4244	213	28
1735.69	0.00483263	0.0035	72.4244	213	28
