237.934	0.0532688	0.00812499	15.2528	57	65
254.276	0.0554822	0.00824999	14.8696	69	66
271.977	0.0558981	0.00824999	14.759	69	66
279.796	0.0558981	0.00824999	14.759	69	66
290.152	0.0558981	0.00824999	14.759	69	66
299.123	0.0558981	0.00824999	14.759	69	66
307.349	0.0558981	0.00824999	14.759	69	66
317.529	0.0558981	0.00824999	14.759	69	66
326.688	0.0558981	0.00824999	14.759	69	66
335.789	0.0558981	0.00824999	14.759	69	66
346.077	0.0558981	0.00824999	14.759	69	66
356.563	0.0558981	0.00824999	14.759	69	66
363.169	0.0558981	0.00824999	14.759	69	66
369.496	0.0558981	0.00824999	14.759	69	66
378.789	0.0558981	0.00824999	14.759	69	66
381.932	0.0558981	0.00824999	14.759	69	66
383.12	0.0558981	0.00824999	14.759	69	66
384.975	0.0558981	0.00824999	14.759	69	66
387.305	0.0558981	0.00824999	14.759	69	66
389.226	0.0558981	0.00824999	14.759	69	66
391.457	0.0558981	0.00824999	14.759	69	66
393.722	0.0558981	0.00824999	14.759	69	66
395.987	0.0558981	0.00824999	14.759	69	66
398.258	0.0558981	0.00824999	14.759	69	66
400.703	0.0558981	0.00824999	14.759	69	66
403.268	0.0558981	0.00824999	14.759	69	66
405.787	0.0558981	0.00824999	14.759	69	66
408.067	0.0558981	0.00824999	14.759	69	66
410.425	0.0558981	0.00824999	14.759	69	66
412.996	0.0558981	0.00824999	14.759	69	66
415.354	0.0558981	0.00824999	14.759	69	66
417.838	0.0558981	0.00824999	14.759	69	66
420.268	0.0558981	0.00824999	14.759	69	66
422.707	0.0558981	0.00824999	14.759	69	66
425.27	0.0558981	0.00824999	14.759	69	66
427.696	0.0558981	0.00824999	14.759	69	66
429.983	0.0558981	0.00824999	14.759	69	66
432.369	0.0558981	0.00824999	14.759	69	66
434.788	0.0558981	0.00824999	14.759	69	66
437.136	0.0558981	0.00824999	14.759	69	66
439.542	0.0558981	0.00824999	14.759	69	66
442.16	0.0558981	0.00824999	14.759	69	66
444.555	0.0558981	0.00824999	14.759	69	66
446.832	0.0558981	0.00824999	14.759	69	66
449.099	0.0558981	0.00824999	14.759	69	66
451.597	0.0558981	0.00824999	14.759	69	66
454.275	0.0558981	0.00824999	14.759	69	66
456.632	0.0558981	0.00824999	14.759	69	66
458.952	0.0558981	0.00824999	14.759	69	66
461.333	0.0558981	0.00824999	14.759	69	66
463.864	0.0558981	0.00824999	14.759	69	66
466.299	0.0558981	0.00824999	14.759	69	66
468.625	0.0558981	0.00824999	14.759	69	66
471.049	0.0558981	0.00824999	14.759	69	66
473.303	0.0558981	0.00824999	14.759	69	66
475.687	0.0558981	0.00824999	14.759	69	66
478.007	0.0558981	0.00824999	14.759	69	66
480.29	0.0558981	0.00824999	14.759	69	66
482.551	0.0558981	0.00824999	14.759	69	66
484.926	0.0558981	0.00824999	14.759	69	66
487.166	0.0558981	0.00824999	14.759	69	66
489.507	0.0558981	0.00824999	14.759	69	66
491.831	0.0558981	0.00824999	14.759	69	66
494.28	0.0558981	0.00824999	14.759	69	66
496.521	0.0558981	0.00824999	14.759	69	66
505.131	0.0558981	0.00824999	14.759	69	66
518.097	0.0616057	0.00837499	13.5945	77	67
530.225	0.0626967	0.00837499	13.3579	77	67
542.576	0.0626991	0.00837499	13.3574	77	67
553.114	0.062908	0.018	28.6132	108	144
571.838	0.0629638	0.018	28.5879	108	102
592.239	0.0629638	0.018	28.5879	108	102
603.704	0.0629638	0.018	28.5879	108	102
614.755	0.0629638	0.018	28.5879	108	102
624.846	0.0629638	0.018	28.5879	108	102
631.92	0.0629638	0.018	28.5879	108	102
636.823	0.0629638	0.018	28.5879	108	102
641.897	0.0629638	0.018	28.5879	108	102
646.566	0.0629638	0.018	28.5879	108	102
651.713	0.0629638	0.018	28.5879	108	102
659.006	0.0629638	0.018	28.5879	108	102
667.714	0.0629638	0.018	28.5879	108	102
676.277	0.0629638	0.018	28.5879	108	102
683.786	0.0629638	0.018	28.5879	108	102
694.829	0.0629638	0.018	28.5879	108	102
702.282	0.0629638	0.018	28.5879	108	102
708.526	0.0629638	0.018	28.5879	108	102
714.696	0.0629638	0.018	28.5879	108	102
719.622	0.0629638	0.018	28.5879	108	102
722.693	0.0629638	0.018	28.5879	108	102
724.303	0.0629638	0.018	28.5879	108	102
725.549	0.0629638	0.018	28.5879	108	102
726.788	0.0629638	0.018	28.5879	108	102
728.1	0.0629638	0.018	28.5879	108	102
729.403	0.0629638	0.018	28.5879	108	102
730.745	0.0629638	0.018	28.5879	108	102
732.065	0.0629638	0.018	28.5879	108	102
733.584	0.0629638	0.018	28.5879	108	102
735.194	0.0629638	0.018	28.5879	108	102
736.872	0.0629638	0.018	28.5879	108	102
738.934	0.0629638	0.018	28.5879	108	102
740.941	0.0629638	0.018	28.5879	108	102
742.847	0.0629638	0.018	28.5879	108	102
744.738	0.0629638	0.018	28.5879	108	102
746.512	0.0629638	0.018	28.5879	108	102
748.223	0.0629638	0.018	28.5879	108	102
749.915	0.0629638	0.018	28.5879	108	102
751.648	0.0629638	0.018	28.5879	108	102
753.371	0.0629638	0.018	28.5879	108	102
755.121	0.0629638	0.018	28.5879	108	102
756.869	0.0629638	0.018	28.5879	108	102
758.564	0.0629638	0.018	28.5879	108	102
760.259	0.0629638	0.018	28.5879	108	102
761.901	0.0629638	0.018	28.5879	108	102
763.74	0.0629638	0.018	28.5879	108	102
765.43	0.0629638	0.018	28.5879	108	102
767.017	0.0629638	0.018	28.5879	108	102
768.66	0.0629638	0.018	28.5879	108	102
770.466	0.0629638	0.018	28.5879	108	102
772.322	0.0629638	0.018	28.5879	108	102
777.107	0.0629638	0.018	28.5879	108	102
785.913	0.0629638	0.018	28.5879	108	102
794.037	0.0629638	0.018	28.5879	108	102
801.413	0.0629638	0.018	28.5879	108	102
805.858	0.0629638	0.018	28.5879	108	102
810.284	0.0629638	0.018	28.5879	108	102
812.698	0.0629638	0.018	28.5879	108	102
817.265	0.0629638	0.018	28.5879	108	102
821.728	0.0629638	0.018	28.5879	108	102
825.716	0.0629638	0.018	28.5879	108	102
833.393	0.0629638	0.018	28.5879	108	102
839.426	0.0629638	0.018	28.5879	108	102
844.296	0.0629638	0.018	28.5879	108	102
849.008	0.0629638	0.018	28.5879	108	102
863.039	0.0629638	0.018	28.5879	108	102
874.931	0.0629638	0.018	28.5879	108	102
882.503	0.0629638	0.018	28.5879	108	102
888.762	0.0629638	0.018	28.5879	108	102
894.763	0.0629638	0.018	28.5879	108	102
898.652	0.0629638	0.018	28.5879	108	102
900.863	0.0629638	0.018	28.5879	108	102
902.287	0.0629638	0.018	28.5879	108	102
903.719	0.0629638	0.018	28.5879	108	102
904.982	0.0629638	0.018	28.5879	108	102
906.357	0.0629638	0.018	28.5879	108	102
907.709	0.0629638	0.018	28.5879	108	102
909.16	0.0629638	0.018	28.5879	108	102
910.421	0.0629638	0.018	28.5879	108	102
911.779	0.0629638	0.018	28.5879	108	102
913.127	0.0629638	0.018	28.5879	108	102
914.482	0.0629638	0.018	28.5879	108	102
921.606	0.0629638	0.018	28.5879	108	102
923.264	0.0629638	0.018	28.5879	108	102
924.923	0.0629638	0.018	28.5879	108	102
926.473	0.0629638	0.018	28.5879	108	102
927.978	0.0629638	0.018	28.5879	108	102
929.448	0.0629638	0.018	28.5879	108	102
930.917	0.0629638	0.018	28.5879	108	102
932.27	0.0629638	0.018	28.5879	108	102
933.686	0.0629638	0.018	28.5879	108	102
935.075	0.0629638	0.018	28.5879	108	102
936.377	0.0629638	0.018	28.5879	108	102
937.83	0.0629638	0.018	28.5879	108	102
939.315	0.0629638	0.018	28.5879	108	102
940.769	0.0629638	0.018	28.5879	108	102
942.253	0.0629638	0.018	28.5879	108	102
943.813	0.0629638	0.018	28.5879	108	102
945.298	0.0629638	0.018	28.5879	108	102
946.766	0.0629638	0.018	28.5879	108	102
948.32	0.0629638	0.018	28.5879	108	102
949.763	0.0629638	0.018	28.5879	108	102
951.199	0.0629638	0.018	28.5879	108	102
952.666	0.0629638	0.018	28.5879	108	102
954.198	0.0629638	0.018	28.5879	108	102
955.843	0.0629638	0.018	28.5879	108	102
957.478	0.0629638	0.018	28.5879	108	102
959.078	0.0629638	0.018	28.5879	108	102
960.66	0.0629638	0.018	28.5879	108	102
962.294	0.0629638	0.018	28.5879	108	102
964.018	0.0629638	0.018	28.5879	108	102
969.633	0.0629638	0.018	28.5879	108	102
980.427	0.0629638	0.018	28.5879	108	102
993.259	0.0629638	0.018	28.5879	108	102
999.393	0.0629638	0.018	28.5879	108	102
1002.11	0.0629638	0.018	28.5879	108	102
1006.21	0.0629638	0.018	28.5879	108	102
1015.73	0.0629638	0.018	28.5879	108	102
1023.34	0.0629638	0.018	28.5879	108	102
1030.48	0.0629638	0.018	28.5879	108	102
1038.43	0.0629638	0.018	28.5879	108	102
1046.07	0.0629638	0.018	28.5879	108	102
1052.08	0.0629638	0.018	28.5879	108	102
1057.87	0.0629638	0.018	28.5879	108	102
1062.24	0.0629638	0.018	28.5879	108	102
1065.24	0.0629638	0.018	28.5879	108	102
1066.75	0.0629638	0.018	28.5879	108	102
1068.22	0.0629638	0.018	28.5879	108	102
1069.57	0.0629638	0.018	28.5879	108	102
1070.88	0.0629638	0.018	28.5879	108	102
1072.3	0.0629638	0.018	28.5879	108	102
1073.78	0.0629638	0.018	28.5879	108	102
1075.42	0.0629638	0.018	28.5879	108	102
1076.88	0.0629638	0.018	28.5879	108	102
1083.28	0.0629638	0.018	28.5879	108	102
1084.59	0.0629638	0.018	28.5879	108	102
1085.92	0.0629638	0.018	28.5879	108	102
1087.7	0.0629638	0.018	28.5879	108	102
1089.51	0.0629638	0.018	28.5879	108	102
1091.27	0.0629638	0.018	28.5879	108	102
1093.22	0.0629638	0.018	28.5879	108	102
1095.09	0.0629638	0.018	28.5879	108	102
1097.15	0.0629638	0.018	28.5879	108	102
1099.07	0.0629638	0.018	28.5879	108	102
1100.93	0.0629638	0.018	28.5879	108	102
1102.71	0.0629638	0.018	28.5879	108	102
1104.49	0.0629638	0.018	28.5879	108	102
1106.52	0.0629638	0.018	28.5879	108	102
1108.35	0.0629638	0.018	28.5879	108	102
1110.23	0.0629638	0.018	28.5879	108	102
1112.11	0.0629638	0.018	28.5879	108	102
1113.94	0.0629638	0.018	28.5879	108	102
1115.74	0.0629638	0.018	28.5879	108	102
1117.52	0.0629638	0.018	28.5879	108	102
1119.3	0.0629638	0.018	28.5879	108	102
1121.14	0.0629638	0.018	28.5879	108	102
1123.14	0.0629638	0.018	28.5879	108	102
1125.32	0.0629638	0.018	28.5879	108	102
1127.32	0.0629638	0.018	28.5879	108	102
1129.33	0.0629638	0.018	28.5879	108	102
1131.07	0.0629638	0.018	28.5879	108	102
1132.76	0.0629638	0.018	28.5879	108	102
1134.56	0.0629638	0.018	28.5879	108	102
1136.37	0.0629638	0.018	28.5879	108	102
1138.39	0.0629638	0.018	28.5879	108	102
1140.25	0.0629638	0.018	28.5879	108	102
1142.02	0.0629638	0.018	28.5879	108	102
1143.82	0.0629638	0.018	28.5879	108	102
1145.49	0.0629638	0.018	28.5879	108	102
1147.11	0.0629638	0.018	28.5879	108	102
1153.6	0.0629638	0.018	28.5879	108	102
1167.24	0.0629638	0.018	28.5879	108	102
1181.22	0.0629638	0.018	28.5879	108	102
1191.13	0.0629638	0.018	28.5879	108	102
1195.67	0.0629638	0.018	28.5879	108	102
1200.17	0.0629638	0.018	28.5879	108	102
1203.67	0.0629638	0.018	28.5879	108	102
1204.98	0.0629638	0.018	28.5879	108	102
1212.39	0.0629638	0.018	28.5879	108	102
1224.07	0.0629638	0.018	28.5879	108	102
1234.84	0.0629638	0.018	28.5879	108	102
1245.45	0.0629638	0.018	28.5879	108	102
1255.25	0.0629638	0.018	28.5879	108	102
1265.13	0.0629638	0.018	28.5879	108	102
1272.09	0.0629638	0.018	28.5879	108	102
1275.46	0.0629638	0.018	28.5879	108	102
1278.15	0.0629638	0.018	28.5879	108	102
1279.61	0.0629638	0.018	28.5879	108	102
1281.02	0.0629638	0.018	28.5879	108	102
1282.46	0.0629638	0.018	28.5879	108	102
1284.09	0.0629638	0.018	28.5879	108	102
1285.69	0.0629638	0.018	28.5879	108	102
1287.22	0.0629638	0.018	28.5879	108	102
1288.61	0.0629638	0.018	28.5879	108	102
1289.94	0.0629638	0.018	28.5879	108	102
1291.32	0.0629638	0.018	28.5879	108	102
1292.72	0.0629638	0.018	28.5879	108	102
1299.28	0.0629638	0.018	28.5879	108	102
1300.5	0.0629638	0.018	28.5879	108	102
1302	0.0629638	0.018	28.5879	108	102
1303.5	0.0629638	0.018	28.5879	108	102
1305.07	0.0629638	0.018	28.5879	108	102
1311.15	0.0629638	0.018	28.5879	108	102
1315.89	0.0629638	0.018	28.5879	108	102
1327.55	0.0629638	0.018	28.5879	108	102
1334.21	0.0629638	0.018	28.5879	108	102
1340.84	0.0629638	0.018	28.5879	108	102
1345.9	0.0629638	0.018	28.5879	108	102
1351.07	0.0629638	0.018	28.5879	108	102
1355.77	0.0629638	0.018	28.5879	108	102
1363.64	0.0629638	0.018	28.5879	108	102
1373.4	0.0629638	0.018	28.5879	108	102
1381.7	0.0629638	0.018	28.5879	108	102
1384.4	0.0629638	0.018	28.5879	108	102
1409.36	0.0629638	0.018	28.5879	108	123
1422.76	0.0629638	0.018	28.5879	108	123
1435.84	0.0629638	0.018	28.5879	108	123
1446.97	0.0629638	0.018	28.5879	108	123
1451.99	0.0629638	0.018	28.5879	108	123
1456.65	0.0629638	0.018	28.5879	108	123
1461.44	0.0629638	0.018	28.5879	108	123
1466.41	0.0629638	0.018	28.5879	108	123
1471.22	0.0629638	0.018	28.5879	108	123
1475.82	0.0629638	0.018	28.5879	108	123
1484.54	0.0629638	0.018	28.5879	108	123
1492.73	0.0629638	0.018	28.5879	108	123
1500.78	0.0629638	0.018	28.5879	108	123
1512.76	0.0629638	0.018	28.5879	108	123
1520.54	0.0629638	0.018	28.5879	108	123
1528.04	0.0629638	0.018	28.5879	108	123
1532.88	0.0629638	0.018	28.5879	108	123
1563.76	0.0630519	0.018	28.5479	108	123
1592.42	0.0630519	0.018	28.5479	108	123
1605.98	0.063411	0.018	28.3863	111	102
1619.71	0.063413	0.018	28.3854	111	102
1634.48	0.063413	0.018	28.3854	111	102
1649.45	0.063413	0.018	28.3854	111	102
1664.49	0.063413	0.018	28.3854	111	102
1679.5	0.063413	0.018	28.3854	111	102
1687.82	0.063413	0.018	28.3854	111	102
1695.71	0.063413	0.018	28.3854	111	102
1703.97	0.063413	0.018	28.3854	111	102
1711.17	0.063413	0.018	28.3854	111	102
1718.3	0.063413	0.018	28.3854	111	102
1724.69	0.063413	0.018	28.3854	111	102
1729.54	0.063413	0.018	28.3854	111	102
1734.16	0.063413	0.018	28.3854	111	102
1736.92	0.063413	0.018	28.3854	111	102
1738.78	0.063413	0.018	28.3854	111	102
1740.58	0.063413	0.018	28.3854	111	102
1742.44	0.063413	0.018	28.3854	111	102
1744.18	0.063413	0.018	28.3854	111	102
1746.11	0.063413	0.018	28.3854	111	102
1748.02	0.063413	0.018	28.3854	111	102
1749.85	0.063413	0.018	28.3854	111	102
1751.92	0.063413	0.018	28.3854	111	102
1753.98	0.063413	0.018	28.3854	111	102
1756.03	0.063413	0.018	28.3854	111	102
1758.11	0.063413	0.018	28.3854	111	102
1759.96	0.063413	0.018	28.3854	111	102
1761.99	0.063413	0.018	28.3854	111	102
1763.83	0.063413	0.018	28.3854	111	102
1765.66	0.063413	0.018	28.3854	111	102
1767.44	0.063413	0.018	28.3854	111	102
1769.13	0.063413	0.018	28.3854	111	102
1770.84	0.063413	0.018	28.3854	111	102
1772.53	0.063413	0.018	28.3854	111	102
1774.24	0.063413	0.018	28.3854	111	102
1775.93	0.063413	0.018	28.3854	111	102
1777.59	0.063413	0.018	28.3854	111	102
1779.3	0.063413	0.018	28.3854	111	102
1781.12	0.063413	0.018	28.3854	111	102
1782.88	0.063413	0.018	28.3854	111	102
1784.83	0.063413	0.018	28.3854	111	102
1786.62	0.063413	0.018	28.3854	111	102
1788.32	0.063413	0.018	28.3854	111	102
1790.05	0.063413	0.018	28.3854	111	102
1791.79	0.063413	0.018	28.3854	111	102
1793.52	0.063413	0.018	28.3854	111	102
1795.21	0.063413	0.018	28.3854	111	102
1796.92	0.063413	0.018	28.3854	111	102
1798.85	0.063413	0.018	28.3854	111	102
1800.69	0.063413	0.018	28.3854	111	102
1802.52	0.063413	0.018	28.3854	111	102
1804.5	0.063413	0.018	28.3854	111	102
1806.56	0.063413	0.018	28.3854	111	102
1808.74	0.063413	0.018	28.3854	111	102
1810.77	0.063413	0.018	28.3854	111	102
1812.67	0.063413	0.018	28.3854	111	102
1814.61	0.063413	0.018	28.3854	111	102
1816.76	0.063413	0.018	28.3854	111	102
1818.58	0.063413	0.018	28.3854	111	102
1820.51	0.063413	0.018	28.3854	111	102
1822.5	0.063413	0.018	28.3854	111	102
1824.4	0.063413	0.018	28.3854	111	102
1824.9	0.063413	0.018	28.3854	111	102
