208.296	0.149752	0.0155	10.3505	948	124
216.039	0.24294	0.015625	6.43162	678	125
219.3	0.243769	0.015625	6.40977	1252	125
228.494	0.243769	0.015625	6.40976	1525	125
237.555	0.243769	0.015625	6.40976	1525	125
253.98	0.243769	0.015625	6.40976	1525	125
271.612	0.243769	0.015625	6.40976	1525	125
279.46	0.243769	0.015625	6.40976	1525	125
289.844	0.243769	0.015625	6.40976	1525	125
298.833	0.243769	0.015625	6.40976	1525	125
307.045	0.243769	0.015625	6.40976	1525	125
317.264	0.243769	0.015625	6.40976	1525	125
326.399	0.243769	0.015625	6.40976	1525	125
335.504	0.243769	0.015625	6.40976	1525	125
345.783	0.243769	0.015625	6.40976	1525	125
356.248	0.243769	0.015625	6.40976	1525	125
362.866	0.243769	0.015625	6.40976	1781	125
369.104	0.243788	0.015625	6.40926	1581	125
378.501	0.243813	0.015625	6.4086	1641	125
381.633	0.243813	0.015625	6.4086	1641	125
382.819	0.243813	0.015625	6.4086	1641	125
384.676	0.243813	0.015625	6.4086	1641	125
387.018	0.243813	0.015625	6.4086	1641	125
388.949	0.243813	0.015625	6.4086	1564	125
391.218	0.243813	0.015625	6.4086	1571	125
393.463	0.243813	0.015625	6.4086	1571	125
395.714	0.243813	0.015625	6.4086	1592	125
397.985	0.243813	0.015625	6.4086	1592	125
400.436	0.243834	0.015625	6.40806	1592	125
402.997	0.243834	0.015625	6.40806	1585	125
405.53	0.243834	0.015625	6.40806	1592	125
407.812	0.243834	0.015625	6.40806	1571	125
410.172	0.243834	0.015625	6.40806	1592	125
412.695	0.243834	0.015625	6.40806	1592	125
415.096	0.243834	0.015625	6.40806	1592	125
417.588	0.243834	0.015625	6.40806	1592	125
419.969	0.243834	0.015625	6.40806	1578	125
422.412	0.243834	0.015625	6.40806	1592	125
425.002	0.243834	0.015625	6.40806	1592	125
427.446	0.243834	0.015625	6.40806	1571	125
429.749	0.243834	0.015625	6.40806	1592	125
432.115	0.243834	0.015625	6.40806	1571	125
434.537	0.243834	0.015625	6.40806	1571	125
436.886	0.243839	0.015625	6.40792	1620	125
439.26	0.243839	0.015625	6.40792	1592	125
441.877	0.243839	0.015625	6.40792	1592	125
444.291	0.243841	0.015625	6.40788	1592	125
446.572	0.243841	0.015625	6.40788	1571	125
448.836	0.243841	0.015625	6.40788	1571	125
451.322	0.243841	0.015625	6.40788	1592	125
453.984	0.243841	0.015625	6.40788	1571	125
456.353	0.243841	0.015625	6.40788	1571	125
458.701	0.243841	0.015625	6.40788	1571	125
461.062	0.243841	0.015625	6.40788	1571	125
463.585	0.243841	0.015625	6.40788	1585	125
466.011	0.243841	0.015625	6.40788	1585	125
468.346	0.243843	0.015625	6.40782	1585	125
470.784	0.243843	0.015625	6.40782	1585	125
473.046	0.243847	0.015625	6.40772	1585	125
475.431	0.243847	0.015625	6.40772	1585	125
477.752	0.243847	0.015625	6.40772	1585	125
480.024	0.243847	0.015625	6.40772	1585	125
482.297	0.243847	0.015625	6.40772	1585	125
484.673	0.243847	0.015625	6.40772	1585	125
486.915	0.243847	0.015625	6.40772	1571	125
489.252	0.243847	0.015625	6.40772	1585	125
491.57	0.243847	0.015625	6.40772	1571	125
494.027	0.243847	0.015625	6.40772	1585	125
496.258	0.243847	0.015625	6.40772	1571	125
504.873	0.243847	0.015625	6.40772	1571	125
517.793	0.243847	0.015625	6.40772	1571	125
529.926	0.243847	0.015625	6.40772	1571	125
542.274	0.243847	0.015625	6.40772	1571	125
552.824	0.243847	0.015625	6.40772	1571	125
571.552	0.243847	0.015625	6.40772	1571	125
591.964	0.243847	0.015625	6.40772	1571	125
603.388	0.243847	0.015625	6.40772	1571	125
614.5	0.243847	0.015625	6.40772	1571	125
624.6	0.243847	0.015625	6.40772	1571	125
631.63	0.243847	0.015625	6.40772	1571	125
636.455	0.243847	0.015625	6.40772	1571	125
641.579	0.243847	0.015625	6.40772	1571	125
646.304	0.243847	0.015625	6.40772	1571	125
651.389	0.243847	0.015625	6.40772	1571	125
658.721	0.243847	0.015625	6.40772	1571	125
667.381	0.243847	0.015625	6.40772	1571	125
676.01	0.243847	0.015625	6.40772	1571	125
683.499	0.243847	0.015625	6.40772	1571	125
694.555	0.243847	0.015625	6.40772	1571	125
702.048	0.243847	0.015625	6.40772	1571	125
708.289	0.243847	0.015625	6.40772	1571	125
714.457	0.243847	0.015625	6.40772	1571	125
719.362	0.243847	0.015625	6.40772	1571	125
722.419	0.243847	0.015625	6.40772	1571	125
723.999	0.243847	0.015625	6.40772	1571	125
725.277	0.243847	0.015625	6.40772	1571	125
726.539	0.243847	0.015625	6.40772	1571	125
727.798	0.243847	0.015625	6.40772	1571	125
729.082	0.243847	0.015625	6.40772	1571	125
730.42	0.243847	0.015625	6.40772	1571	125
731.809	0.243847	0.015625	6.40772	1571	125
733.313	0.243847	0.015625	6.40772	1571	125
734.958	0.243847	0.015625	6.40772	1571	125
736.616	0.243847	0.015625	6.40772	1571	125
738.636	0.243847	0.015625	6.40772	1571	125
740.636	0.243847	0.015625	6.40772	1571	125
742.565	0.243847	0.015625	6.40772	1571	125
744.456	0.243847	0.015625	6.40772	1571	125
746.236	0.243847	0.015625	6.40772	1571	125
747.97	0.243847	0.015625	6.40772	1571	125
749.657	0.243847	0.015625	6.40772	1571	125
751.38	0.243847	0.015625	6.40772	1571	125
753.097	0.243847	0.015625	6.40772	1571	125
754.852	0.243847	0.015625	6.40772	1571	125
756.607	0.243847	0.015625	6.40772	1571	125
758.298	0.243847	0.015625	6.40772	1571	125
760.022	0.243847	0.015625	6.40772	1571	125
761.644	0.243847	0.015625	6.40772	1571	125
763.455	0.243847	0.015625	6.40772	1571	125
765.171	0.243847	0.015625	6.40772	1571	125
766.784	0.243847	0.015625	6.40772	1571	125
768.41	0.243847	0.015625	6.40772	1571	125
770.182	0.243847	0.015625	6.40772	1571	125
772.016	0.243847	0.015625	6.40772	1571	125
776.871	0.243847	0.015625	6.40772	1571	125
785.632	0.243847	0.015625	6.40772	1571	125
793.755	0.243847	0.015625	6.40772	1571	125
801.138	0.243847	0.015625	6.40772	1571	125
805.586	0.243847	0.015625	6.40772	1571	125
809.979	0.243847	0.015625	6.40772	1571	125
812.424	0.243847	0.015625	6.40772	1571	125
816.951	0.243847	0.015625	6.40772	1571	125
821.454	0.243847	0.015625	6.40772	1571	125
825.414	0.243847	0.015625	6.40772	1571	125
833.108	0.243847	0.015625	6.40772	1641	125
839.142	0.243847	0.015625	6.40772	1585	125
844.034	0.243847	0.015625	6.40772	1585	125
848.73	0.243847	0.015625	6.40772	1585	125
862.78	0.243847	0.015625	6.40772	1585	125
874.668	0.243847	0.015625	6.40772	1585	125
882.263	0.243847	0.015625	6.40772	1585	125
888.521	0.243847	0.015625	6.40772	1585	125
894.45	0.243847	0.015625	6.40772	1585	125
898.378	0.243847	0.015625	6.40772	1585	125
900.594	0.243847	0.015625	6.40772	1585	125
901.996	0.243847	0.015625	6.40772	1585	125
903.455	0.243847	0.015625	6.40772	1585	125
904.697	0.243847	0.015625	6.40772	1585	125
906.061	0.243847	0.015625	6.40772	1585	125
907.415	0.243847	0.015625	6.40772	1585	125
908.874	0.243847	0.015625	6.40772	1585	125
910.168	0.243847	0.015625	6.40772	1585	125
911.492	0.243847	0.015625	6.40772	1585	125
912.854	0.243847	0.015625	6.40772	1585	125
914.181	0.243847	0.015625	6.40772	1585	125
921.287	0.243847	0.015625	6.40772	1585	125
922.967	0.243847	0.015625	6.40772	1585	125
924.613	0.243847	0.015625	6.40772	1585	125
926.176	0.243847	0.015625	6.40772	1585	125
927.704	0.243847	0.015625	6.40772	1585	125
929.158	0.243847	0.015625	6.40772	1585	125
930.642	0.243847	0.015625	6.40772	1585	125
932.021	0.243847	0.015625	6.40772	1585	125
933.412	0.243847	0.015625	6.40772	1585	125
934.813	0.243847	0.015625	6.40772	1585	125
936.131	0.243847	0.015625	6.40772	1585	125
937.559	0.243847	0.015625	6.40772	1585	125
939.011	0.243847	0.015625	6.40772	1585	125
940.487	0.243847	0.015625	6.40772	1585	125
941.94	0.243847	0.015625	6.40772	1585	125
943.499	0.243847	0.015625	6.40772	1585	125
944.995	0.243847	0.015625	6.40772	1585	125
946.467	0.243847	0.015625	6.40772	1585	125
947.989	0.243847	0.015625	6.40772	1585	125
949.479	0.243847	0.015625	6.40772	1585	125
950.933	0.243847	0.015625	6.40772	1585	125
952.384	0.243847	0.015625	6.40772	1585	125
953.863	0.243847	0.015625	6.40772	1585	125
955.533	0.243847	0.015625	6.40772	1585	125
957.13	0.243847	0.015625	6.40772	1585	125
958.771	0.243847	0.015625	6.40772	1585	125
960.35	0.243847	0.015625	6.40772	1585	125
961.919	0.243847	0.015625	6.40772	1585	125
963.706	0.243847	0.015625	6.40772	1585	125
969.357	0.243847	0.015625	6.40772	1585	125
980.091	0.243847	0.015625	6.40772	1585	125
992.948	0.243847	0.015625	6.40772	1585	125
999.095	0.243847	0.015625	6.40772	1585	125
1001.84	0.243847	0.015625	6.40772	1585	125
1005.93	0.243847	0.015625	6.40772	1585	125
1015.44	0.243847	0.015625	6.40772	1585	125
1023.08	0.243847	0.015625	6.40772	1585	125
1030.22	0.243847	0.015625	6.40772	1585	125
1038.16	0.243847	0.015625	6.40772	1585	125
1045.79	0.243847	0.015625	6.40772	1585	125
1051.83	0.243847	0.015625	6.40772	1585	125
1057.62	0.243847	0.015625	6.40772	1585	125
1061.98	0.243847	0.015625	6.40772	1585	125
1064.97	0.243847	0.015625	6.40772	1585	125
1066.47	0.243847	0.015625	6.40772	1585	125
1067.95	0.243847	0.015625	6.40772	1585	125
1069.3	0.243847	0.015625	6.40772	1585	125
1070.6	0.243847	0.015625	6.40772	1585	125
1071.98	0.243847	0.015625	6.40772	1585	125
1073.47	0.243847	0.015625	6.40772	1585	125
1075.12	0.243847	0.015625	6.40772	1585	125
1076.55	0.243847	0.015625	6.40772	1585	125
1083.01	0.243847	0.015625	6.40772	1585	125
1084.32	0.243847	0.015625	6.40772	1585	125
1085.67	0.243847	0.015625	6.40772	1585	125
1087.44	0.243847	0.015625	6.40772	1585	125
1089.24	0.243847	0.015625	6.40772	1585	125
1091.01	0.243847	0.015625	6.40772	1585	125
1092.94	0.243847	0.015625	6.40772	1585	125
1094.82	0.243847	0.015625	6.40772	1585	125
1096.86	0.243847	0.015625	6.40772	1585	125
1098.8	0.243847	0.015625	6.40772	1585	125
1100.66	0.243847	0.015625	6.40772	1585	125
1102.45	0.243847	0.015625	6.40772	1585	125
1104.21	0.243847	0.015625	6.40772	1585	125
1106.25	0.243847	0.015625	6.40772	1585	125
1108.08	0.243847	0.015625	6.40772	1585	125
1109.94	0.243847	0.015625	6.40772	1585	125
1111.83	0.243847	0.015625	6.40772	1585	125
1113.69	0.243847	0.015625	6.40772	1585	125
1115.5	0.243847	0.015625	6.40772	1585	125
1117.26	0.243847	0.015625	6.40772	1585	125
1119.03	0.243847	0.015625	6.40772	1585	125
1120.82	0.243847	0.015625	6.40772	1585	125
1122.85	0.243847	0.015625	6.40772	1585	125
1125.05	0.243847	0.015625	6.40772	1585	125
1127.03	0.243847	0.015625	6.40772	1585	125
1129.09	0.243847	0.015625	6.40772	1585	125
1130.82	0.243847	0.015625	6.40772	1585	125
1132.52	0.243847	0.015625	6.40772	1585	125
1134.29	0.243847	0.015625	6.40772	1585	125
1136.07	0.243847	0.015625	6.40772	1585	125
1138.08	0.243847	0.015625	6.40772	1585	125
1139.99	0.243847	0.015625	6.40772	1585	125
1141.76	0.243847	0.015625	6.40772	1585	125
1143.55	0.243847	0.015625	6.40772	1585	125
1145.23	0.243847	0.015625	6.40772	1585	125
1146.86	0.243847	0.015625	6.40772	1585	125
1153.37	0.243847	0.015625	6.40772	1585	125
1166.96	0.243847	0.015625	6.40772	1585	125
1180.92	0.243847	0.015625	6.40772	1585	125
1190.82	0.243847	0.015625	6.40772	1585	125
1195.4	0.243847	0.015625	6.40772	1585	125
1199.86	0.243847	0.015625	6.40772	1585	125
1203.39	0.243847	0.015625	6.40772	1585	125
1204.71	0.243847	0.015625	6.40772	1585	125
1212.08	0.243847	0.015625	6.40772	1585	125
1223.8	0.243847	0.015625	6.40772	1585	125
1234.55	0.243847	0.015625	6.40772	1585	125
1245.2	0.243847	0.015625	6.40772	1585	125
1254.98	0.243847	0.015625	6.40772	1585	125
1264.87	0.243847	0.015625	6.40772	1585	125
1271.84	0.243847	0.015625	6.40772	1585	125
1275.19	0.243847	0.015625	6.40772	1585	125
1277.85	0.243847	0.015625	6.40772	1585	125
1279.36	0.243847	0.015625	6.40772	1585	125
1280.74	0.243847	0.015625	6.40772	1585	125
1282.2	0.243847	0.015625	6.40772	1585	125
1283.75	0.243847	0.015625	6.40772	1585	125
1285.34	0.243847	0.015625	6.40772	1585	125
1286.94	0.243847	0.015625	6.40772	1585	125
1288.3	0.243847	0.015625	6.40772	1585	125
1289.65	0.243847	0.015625	6.40772	1585	125
1291.01	0.243847	0.015625	6.40772	1585	125
1292.43	0.243847	0.015625	6.40772	1585	125
1299.01	0.243847	0.015625	6.40772	1585	125
1300.24	0.243847	0.015625	6.40772	1585	125
1301.74	0.243847	0.015625	6.40772	1585	125
1303.28	0.243847	0.015625	6.40772	1585	125
1304.83	0.243847	0.015625	6.40772	1585	125
1310.9	0.243847	0.015625	6.40772	1585	125
1315.62	0.243847	0.015625	6.40772	1585	125
1327.28	0.243847	0.015625	6.40772	1585	125
1333.93	0.243847	0.015625	6.40772	1585	125
1340.56	0.243847	0.015625	6.40772	1585	125
1345.58	0.243847	0.015625	6.40772	1585	125
1350.74	0.243847	0.015625	6.40772	1585	125
1355.49	0.243847	0.015625	6.40772	1585	125
1363.31	0.243847	0.015625	6.40772	1585	125
1373.06	0.243847	0.015625	6.40772	1585	125
1381.44	0.243859	0.015625	6.4074	1641	125
1384.1	0.243859	0.015625	6.4074	1585	125
1409.09	0.243859	0.015625	6.4074	1585	125
1422.43	0.243859	0.015625	6.4074	1585	125
1435.57	0.243859	0.015625	6.4074	1585	125
1446.7	0.243859	0.015625	6.4074	1585	125
1451.71	0.243859	0.015625	6.4074	1585	125
1456.34	0.243859	0.015625	6.4074	1585	125
1461.17	0.243859	0.015625	6.4074	1585	125
1466.13	0.243859	0.015625	6.4074	1585	125
1470.92	0.243859	0.015625	6.4074	1585	125
1475.55	0.243859	0.015625	6.4074	1585	125
1484.22	0.243859	0.015625	6.4074	1585	125
1492.4	0.243859	0.015625	6.4074	1585	125
1500.49	0.243859	0.015625	6.4074	1585	125
1512.47	0.243859	0.015625	6.4074	1585	125
1520.21	0.243859	0.015625	6.4074	1641	125
1527.75	0.243859	0.015625	6.4074	1641	125
1532.6	0.243859	0.015625	6.4074	1586	125
1563.44	0.243859	0.015625	6.4074	1586	125
1592.07	0.243859	0.015625	6.4074	1586	125
1605.64	0.243859	0.015625	6.4074	1586	125
1619.35	0.243859	0.015625	6.4074	1586	125
1634.17	0.243859	0.015625	6.4074	1586	125
1649.1	0.243859	0.015625	6.4074	1586	125
1664.1	0.243859	0.015625	6.4074	1586	125
1679.12	0.243859	0.015625	6.4074	1586	125
1687.43	0.243859	0.015625	6.4074	1586	125
1695.32	0.243859	0.015625	6.4074	1586	125
1703.6	0.243859	0.015625	6.4074	1586	125
1710.84	0.243859	0.015625	6.4074	1586	125
1717.95	0.243859	0.015625	6.4074	1586	125
1724.35	0.243859	0.015625	6.4074	1586	125
1729.16	0.243859	0.015625	6.4074	1586	125
1733.83	0.243859	0.015625	6.4074	1586	125
1736.61	0.243859	0.015625	6.4074	1586	125
1738.44	0.243859	0.015625	6.4074	1586	125
1740.26	0.243859	0.015625	6.4074	1586	125
1742.09	0.243859	0.015625	6.4074	1586	125
1743.86	0.243859	0.015625	6.4074	1586	125
1745.78	0.243859	0.015625	6.4074	1586	125
1747.67	0.243859	0.015625	6.4074	1586	125
1749.54	0.243859	0.015625	6.4074	1586	125
1751.57	0.243859	0.015625	6.4074	1586	125
1753.64	0.243859	0.015625	6.4074	1586	125
1755.66	0.243859	0.015625	6.4074	1586	125
1757.7	0.243859	0.015625	6.4074	1586	125
1759.64	0.243859	0.015625	6.4074	1586	125
1761.64	0.243859	0.015625	6.4074	1586	125
1763.49	0.243859	0.015625	6.4074	1586	125
1765.33	0.243859	0.015625	6.4074	1586	125
1767.12	0.243859	0.015625	6.4074	1586	125
1768.82	0.243859	0.015625	6.4074	1586	125
1770.52	0.243859	0.015625	6.4074	1586	125
1772.23	0.243859	0.015625	6.4074	1586	125
1773.91	0.243859	0.015625	6.4074	1586	125
1775.62	0.243859	0.015625	6.4074	1586	125
1777.28	0.243859	0.015625	6.4074	1586	125
1778.97	0.243859	0.015625	6.4074	1586	125
1780.81	0.243859	0.015625	6.4074	1586	125
1782.52	0.243859	0.015625	6.4074	1586	125
1784.45	0.243859	0.015625	6.4074	1586	125
1786.25	0.243859	0.015625	6.4074	1586	125
1788.02	0.243859	0.015625	6.4074	1586	125
1789.73	0.243859	0.015625	6.4074	1586	125
1791.46	0.243859	0.015625	6.4074	1586	125
1793.22	0.243859	0.015625	6.4074	1586	125
1794.9	0.243859	0.015625	6.4074	1586	125
1796.61	0.243859	0.015625	6.4074	1586	125
1798.54	0.243859	0.015625	6.4074	1586	125
1800.37	0.243859	0.015625	6.4074	1586	125
1802.2	0.243859	0.015625	6.4074	1586	125
1804.1	0.243859	0.015625	6.4074	1586	125
1806.2	0.243859	0.015625	6.4074	1586	125
1808.38	0.243859	0.015625	6.4074	1586	125
1810.43	0.243859	0.015625	6.4074	1586	125
1812.34	0.243859	0.015625	6.4074	1586	125
1814.26	0.243859	0.015625	6.4074	1586	125
1816.42	0.243859	0.015625	6.4074	1586	125
1818.24	0.243859	0.015625	6.4074	1586	125
1820.17	0.243859	0.015625	6.4074	1586	125
1822.13	0.243859	0.015625	6.4074	1586	125
1824.07	0.243859	0.015625	6.4074	1586	125
1824.9	0.243859	0.015625	6.4074	1586	125
