216.077	0.0419997	0.005	11.9048	52	40
219.33	0.0419997	0.005	11.9048	52	40
228.511	0.0935375	0.006	6.41454	53	48
237.575	0.0935375	0.006	6.41454	53	48
253.999	0.0935375	0.006	6.41454	53	48
271.635	0.0935375	0.006	6.41454	53	48
279.481	0.0935375	0.006	6.41454	53	48
289.857	0.0935375	0.006	6.41454	53	48
298.852	0.0935375	0.006	6.41454	53	48
307.063	0.0935375	0.006	6.41454	53	48
317.283	0.0935375	0.006	6.41454	53	48
326.418	0.0935375	0.006	6.41454	53	48
335.524	0.0935375	0.006	6.41454	53	48
345.8	0.0935375	0.006	6.41454	53	48
356.268	0.0935375	0.006	6.41454	53	48
362.89	0.0935375	0.006	6.41454	53	48
369.13	0.0935375	0.006	6.41454	53	48
378.525	0.153165	0.014	9.1405	174	112
381.655	0.153165	0.014	9.1405	174	112
382.843	0.153165	0.014	9.1405	174	112
384.706	0.153165	0.014	9.1405	174	112
387.043	0.153165	0.014	9.1405	174	112
388.966	0.153165	0.014	9.1405	174	112
391.228	0.153165	0.014	9.1405	174	112
393.475	0.153165	0.014	9.1405	174	112
395.727	0.153165	0.014	9.1405	174	112
397.999	0.153165	0.014	9.1405	174	112
400.452	0.153165	0.014	9.1405	174	112
403.009	0.153165	0.014	9.1405	174	112
405.541	0.153165	0.014	9.1405	174	112
407.825	0.153165	0.014	9.1405	174	112
410.18	0.153165	0.014	9.1405	174	112
412.71	0.153165	0.014	9.1405	174	112
415.112	0.153165	0.014	9.1405	174	112
417.593	0.153165	0.014	9.1405	174	112
419.992	0.153165	0.014	9.1405	174	112
422.433	0.153165	0.014	9.1405	174	112
425.012	0.153165	0.014	9.1405	174	112
427.458	0.153165	0.014	9.1405	174	112
429.764	0.153165	0.014	9.1405	174	112
432.129	0.153165	0.014	9.1405	174	112
434.55	0.153165	0.014	9.1405	174	112
436.9	0.153165	0.014	9.1405	174	112
439.276	0.153165	0.014	9.1405	174	112
441.884	0.153165	0.014	9.1405	174	112
444.308	0.153165	0.014	9.1405	174	112
446.59	0.153165	0.014	9.1405	174	112
448.847	0.153165	0.014	9.1405	174	112
451.334	0.153165	0.014	9.1405	174	112
453.998	0.153165	0.014	9.1405	174	112
456.364	0.153165	0.014	9.1405	174	112
458.716	0.153165	0.014	9.1405	174	112
461.079	0.153165	0.014	9.1405	174	112
463.596	0.153165	0.014	9.1405	174	112
466.023	0.153165	0.014	9.1405	174	112
468.352	0.153165	0.014	9.1405	174	112
470.795	0.153165	0.014	9.1405	174	112
473.06	0.153165	0.014	9.1405	174	112
475.443	0.153165	0.014	9.1405	174	112
477.765	0.153165	0.014	9.1405	174	112
480.037	0.153165	0.014	9.1405	174	112
482.306	0.153165	0.014	9.1405	174	112
484.685	0.153165	0.014	9.1405	174	112
486.929	0.153165	0.014	9.1405	174	112
489.267	0.153165	0.014	9.1405	174	112
491.578	0.153165	0.014	9.1405	174	112
494.038	0.153165	0.014	9.1405	174	112
496.275	0.153165	0.014	9.1405	174	112
504.883	0.153165	0.014	9.1405	174	112
517.807	0.153165	0.014	9.1405	174	112
529.943	0.153165	0.014	9.1405	174	112
542.286	0.153165	0.014	9.1405	174	112
552.838	0.153165	0.014	9.1405	174	112
571.562	0.153165	0.014	9.1405	174	112
591.978	0.153165	0.014	9.1405	174	112
603.406	0.153165	0.014125	9.22211	177	113
614.518	0.153165	0.014125	9.22211	177	113
624.611	0.153165	0.014875	9.71173	177	119
631.645	0.153165	0.014875	9.71173	177	119
636.475	0.153165	0.014875	9.71173	177	119
641.597	0.153165	0.014875	9.71173	177	119
646.316	0.153165	0.014875	9.71173	177	119
651.406	0.153165	0.014875	9.71173	177	119
658.734	0.153165	0.014875	9.71173	177	119
667.395	0.153165	0.014875	9.71173	177	119
676.022	0.153165	0.014875	9.71173	177	119
683.512	0.153165	0.014875	9.71173	177	119
694.57	0.153165	0.014875	9.71173	177	119
702.057	0.153165	0.014875	9.71173	177	119
708.299	0.153165	0.014875	9.71173	177	119
714.476	0.153165	0.014875	9.71173	177	119
719.373	0.153165	0.014875	9.71173	177	119
722.431	0.153165	0.014875	9.71173	177	119
724.016	0.153165	0.014875	9.71173	177	119
725.291	0.153165	0.014875	9.71173	177	119
726.554	0.153165	0.014875	9.71173	177	119
727.813	0.153165	0.014875	9.71173	177	119
729.1	0.153165	0.014875	9.71173	177	119
730.437	0.153165	0.014875	9.71173	177	119
731.824	0.153165	0.014875	9.71173	177	119
733.324	0.153165	0.014875	9.71173	177	119
734.97	0.153165	0.014875	9.71173	177	119
736.632	0.153165	0.014875	9.71173	177	119
738.652	0.153165	0.014875	9.71173	177	119
740.653	0.153165	0.014875	9.71173	177	119
742.575	0.153165	0.014875	9.71173	177	119
744.47	0.153165	0.014875	9.71173	177	119
746.247	0.153165	0.014875	9.71173	177	119
747.98	0.153165	0.014875	9.71173	177	119
749.668	0.153165	0.014875	9.71173	177	119
751.396	0.153165	0.014875	9.71173	177	119
753.107	0.153165	0.014875	9.71173	177	119
754.868	0.153165	0.014875	9.71173	177	119
756.63	0.153165	0.014875	9.71173	177	119
758.314	0.153165	0.014875	9.71173	177	119
760.034	0.153165	0.014875	9.71173	177	119
761.654	0.153165	0.014875	9.71173	177	119
763.471	0.153165	0.014875	9.71173	177	119
765.182	0.153165	0.014875	9.71173	177	119
766.792	0.153165	0.014875	9.71173	177	119
768.422	0.153165	0.014875	9.71173	177	119
770.196	0.153165	0.014875	9.71173	177	119
772.04	0.153165	0.014875	9.71173	177	119
776.88	0.153165	0.014875	9.71173	177	119
785.645	0.153165	0.014875	9.71173	177	119
793.768	0.153165	0.014875	9.71173	177	119
801.153	0.153165	0.014875	9.71173	177	119
805.606	0.153165	0.014875	9.71173	177	119
809.991	0.153165	0.014875	9.71173	177	119
812.44	0.153165	0.014875	9.71173	177	119
816.962	0.153165	0.014875	9.71173	177	119
821.464	0.153165	0.014875	9.71173	177	119
825.429	0.153165	0.014875	9.71173	177	119
833.123	0.153165	0.014875	9.71173	177	119
839.169	0.157927	0.018375	11.6351	217	147
844.057	0.15812	0.01875	11.8581	223	150
848.755	0.15823	0.01875	11.8499	216	150
862.797	0.15823	0.01875	11.8499	216	150
874.693	0.15823	0.01875	11.8499	216	150
882.282	0.15823	0.01875	11.8499	216	150
888.542	0.15823	0.01875	11.8499	216	150
894.477	0.15823	0.01875	11.8499	216	150
898.403	0.15823	0.01875	11.8499	216	150
900.609	0.15823	0.01875	11.8499	216	150
902.019	0.15823	0.01875	11.8499	216	150
903.473	0.15823	0.01875	11.8499	216	150
904.713	0.15823	0.01875	11.8499	216	150
906.084	0.15823	0.01875	11.8499	216	150
907.44	0.15823	0.01875	11.8499	216	150
908.897	0.15823	0.01875	11.8499	216	150
910.191	0.15823	0.01875	11.8499	216	150
911.513	0.15823	0.01875	11.8499	216	150
912.873	0.15823	0.01875	11.8499	216	150
914.21	0.15823	0.01875	11.8499	216	150
921.313	0.15823	0.01875	11.8499	216	150
922.989	0.15823	0.01875	11.8499	216	150
924.64	0.15823	0.01875	11.8499	216	150
926.209	0.15823	0.01875	11.8499	216	150
927.722	0.15823	0.01875	11.8499	216	150
929.182	0.15823	0.01875	11.8499	216	150
930.665	0.15823	0.01875	11.8499	216	150
932.039	0.15823	0.01875	11.8499	216	150
933.432	0.15823	0.01875	11.8499	216	150
934.834	0.15823	0.01875	11.8499	216	150
936.143	0.15823	0.01875	11.8499	216	150
937.583	0.15823	0.01875	11.8499	216	150
939.033	0.15823	0.01875	11.8499	216	150
940.51	0.15823	0.01875	11.8499	216	150
941.968	0.15823	0.01875	11.8499	216	150
943.524	0.15823	0.01875	11.8499	216	150
945.019	0.15823	0.01875	11.8499	216	150
946.489	0.15823	0.01875	11.8499	216	150
948.013	0.15823	0.01875	11.8499	216	150
949.5	0.15823	0.01875	11.8499	216	150
950.951	0.15823	0.01875	11.8499	216	150
952.408	0.15823	0.01875	11.8499	216	150
953.893	0.15823	0.01875	11.8499	216	150
955.554	0.15823	0.01875	11.8499	216	150
957.158	0.15823	0.01875	11.8499	216	150
958.792	0.15823	0.01875	11.8499	216	150
960.37	0.15823	0.01875	11.8499	216	150
961.95	0.15823	0.01875	11.8499	216	150
963.726	0.15823	0.01875	11.8499	216	150
969.381	0.15823	0.01875	11.8499	216	150
980.116	0.15823	0.01875	11.8499	216	150
992.977	0.15823	0.01875	11.8499	216	150
999.118	0.15823	0.01875	11.8499	216	150
1001.86	0.15823	0.01875	11.8499	216	150
1005.95	0.15823	0.01875	11.8499	216	150
1015.45	0.15823	0.01875	11.8499	216	150
1023.09	0.15823	0.01875	11.8499	216	150
1030.24	0.15823	0.01875	11.8499	216	150
1038.19	0.15823	0.01875	11.8499	216	150
1045.81	0.15823	0.01875	11.8499	216	150
1051.85	0.15823	0.01875	11.8499	216	150
1057.64	0.15823	0.01875	11.8499	216	150
1062	0.15823	0.01875	11.8499	216	150
1064.99	0.15823	0.01875	11.8499	216	150
1066.49	0.15823	0.01875	11.8499	216	150
1067.96	0.15823	0.01875	11.8499	216	150
1069.32	0.15823	0.01875	11.8499	216	150
1070.62	0.15823	0.01875	11.8499	216	150
1072	0.15823	0.01875	11.8499	216	150
1073.49	0.15823	0.01875	11.8499	216	150
1075.14	0.15823	0.01875	11.8499	216	150
1076.58	0.15823	0.01875	11.8499	216	150
1083.03	0.15823	0.01875	11.8499	216	150
1084.34	0.15823	0.01875	11.8499	216	150
1085.69	0.15823	0.01875	11.8499	216	150
1087.46	0.15823	0.01875	11.8499	216	150
1089.26	0.15823	0.01875	11.8499	216	150
1091.03	0.15823	0.01875	11.8499	216	150
1092.96	0.15823	0.01875	11.8499	216	150
1094.84	0.15823	0.01875	11.8499	216	150
1096.89	0.15823	0.01875	11.8499	216	150
1098.82	0.15823	0.01875	11.8499	216	150
1100.68	0.15823	0.01875	11.8499	216	150
1102.47	0.15823	0.01875	11.8499	216	150
1104.23	0.15823	0.01875	11.8499	216	150
1106.27	0.15823	0.01875	11.8499	216	150
1108.1	0.15823	0.01875	11.8499	216	150
1109.96	0.15823	0.01875	11.8499	216	150
1111.85	0.15823	0.01875	11.8499	216	150
1113.71	0.15823	0.01875	11.8499	216	150
1115.51	0.15823	0.01875	11.8499	216	150
1117.29	0.15823	0.01875	11.8499	216	150
1119.06	0.15823	0.01875	11.8499	216	150
1120.84	0.15823	0.01875	11.8499	216	150
1122.87	0.15823	0.01875	11.8499	216	150
1125.07	0.15823	0.01875	11.8499	216	150
1127.05	0.15823	0.01875	11.8499	216	150
1129.11	0.15823	0.01875	11.8499	216	150
1130.84	0.15823	0.01875	11.8499	216	150
1132.54	0.15823	0.01875	11.8499	216	150
1134.31	0.15823	0.01875	11.8499	216	150
1136.09	0.15823	0.01875	11.8499	216	150
1138.1	0.15823	0.01875	11.8499	216	150
1140	0.15823	0.01875	11.8499	216	150
1141.78	0.15823	0.01875	11.8499	216	150
1143.58	0.15823	0.01875	11.8499	216	150
1145.26	0.15823	0.01875	11.8499	216	150
1146.88	0.15823	0.01875	11.8499	216	150
1153.38	0.15823	0.01875	11.8499	216	150
1166.98	0.15823	0.01875	11.8499	216	150
1180.94	0.15823	0.01875	11.8499	216	150
1190.84	0.15823	0.01875	11.8499	216	150
1195.41	0.15823	0.01875	11.8499	216	150
1199.89	0.15823	0.01875	11.8499	216	150
1203.42	0.15823	0.01875	11.8499	216	150
1204.73	0.15823	0.01875	11.8499	216	150
1212.1	0.15823	0.01875	11.8499	216	150
1223.82	0.15823	0.01875	11.8499	216	150
1234.56	0.15823	0.01875	11.8499	216	150
1245.22	0.15823	0.01875	11.8499	216	150
1255	0.15823	0.01875	11.8499	216	150
1264.89	0.15823	0.01875	11.8499	216	150
1271.86	0.15823	0.01875	11.8499	216	150
1275.21	0.15823	0.01875	11.8499	216	150
1277.87	0.15823	0.01875	11.8499	216	150
1279.38	0.15823	0.01875	11.8499	216	150
1280.77	0.15823	0.01875	11.8499	216	150
1282.22	0.15823	0.01875	11.8499	216	150
1283.78	0.15823	0.01875	11.8499	216	150
1285.36	0.15823	0.01875	11.8499	216	150
1286.96	0.15823	0.01875	11.8499	216	150
1288.33	0.15823	0.01875	11.8499	216	150
1289.66	0.15823	0.01875	11.8499	216	150
1291.02	0.15823	0.01875	11.8499	216	150
1292.45	0.15823	0.01875	11.8499	216	150
1299.03	0.15823	0.01875	11.8499	216	150
1300.26	0.15823	0.01875	11.8499	216	150
1301.77	0.15823	0.01875	11.8499	216	150
1303.3	0.15823	0.01875	11.8499	216	150
1304.85	0.15823	0.01875	11.8499	216	150
1310.91	0.15823	0.01875	11.8499	216	150
1315.65	0.15823	0.01875	11.8499	216	150
1327.3	0.15823	0.01875	11.8499	216	150
1333.95	0.15823	0.01875	11.8499	216	150
1340.58	0.15823	0.01875	11.8499	216	150
1345.6	0.15823	0.01875	11.8499	216	150
1350.76	0.15823	0.01875	11.8499	216	150
1355.52	0.15823	0.01875	11.8499	216	150
1363.35	0.15823	0.01875	11.8499	216	150
1373.1	0.158259	0.019125	12.0846	216	153
1381.46	0.158321	0.019125	12.0799	216	153
1384.12	0.158321	0.019125	12.0799	216	153
1409.11	0.158341	0.023125	14.6045	297	171
1422.45	0.158341	0.023125	14.6045	297	171
1435.58	0.158341	0.023125	14.6045	297	171
1446.71	0.158341	0.023125	14.6045	297	171
1451.72	0.158341	0.023125	14.6045	297	171
1456.35	0.158341	0.023125	14.6045	297	171
1461.18	0.158341	0.023125	14.6045	297	171
1466.15	0.158341	0.023125	14.6045	297	171
1470.94	0.158341	0.023125	14.6045	297	171
1475.57	0.158341	0.023125	14.6045	297	171
1484.24	0.158341	0.023125	14.6045	297	171
1492.42	0.158341	0.023125	14.6045	297	171
1500.5	0.158341	0.023125	14.6045	297	171
1512.49	0.158341	0.023125	14.6045	297	171
1520.24	0.158341	0.023125	14.6045	297	171
1527.79	0.158341	0.023125	14.6045	297	171
1532.64	0.158341	0.02325	14.6835	283	151
1563.47	0.158341	0.027625	17.4465	331	193
1592.1	0.158341	0.02775	17.5254	317	194
1605.67	0.158341	0.02775	17.5254	317	194
1619.38	0.158341	0.02775	17.5254	317	194
1634.2	0.158341	0.02775	17.5254	317	194
1649.13	0.158341	0.02775	17.5254	317	194
1664.13	0.158341	0.02775	17.5254	317	194
1679.16	0.158341	0.02775	17.5254	317	194
1687.46	0.158341	0.02775	17.5254	317	194
1695.35	0.158341	0.02775	17.5254	317	194
1703.62	0.158341	0.02775	17.5254	317	194
1710.88	0.158341	0.02775	17.5254	317	194
1717.98	0.158341	0.02775	17.5254	317	194
1724.38	0.158341	0.02775	17.5254	317	194
1729.2	0.158341	0.02775	17.5254	317	194
1733.86	0.158341	0.02775	17.5254	317	194
1736.63	0.158341	0.02775	17.5254	317	194
1738.47	0.158341	0.02775	17.5254	317	194
1740.3	0.158341	0.02775	17.5254	317	194
1742.12	0.158341	0.02775	17.5254	317	194
1743.89	0.158341	0.02775	17.5254	317	194
1745.82	0.158341	0.02775	17.5254	317	194
1747.7	0.158341	0.02775	17.5254	317	194
1749.57	0.158341	0.02775	17.5254	317	194
1751.6	0.158341	0.02775	17.5254	317	194
1753.66	0.158341	0.02775	17.5254	317	194
1755.68	0.158341	0.02775	17.5254	317	194
1757.72	0.158341	0.02775	17.5254	317	194
1759.66	0.158341	0.02775	17.5254	317	194
1761.67	0.158341	0.02775	17.5254	317	194
1763.52	0.158341	0.02775	17.5254	317	194
1765.35	0.158341	0.02775	17.5254	317	194
1767.15	0.158341	0.02775	17.5254	317	194
1768.85	0.158341	0.02775	17.5254	317	194
1770.55	0.158341	0.02775	17.5254	317	194
1772.26	0.158341	0.02775	17.5254	317	194
1773.95	0.158341	0.02775	17.5254	317	194
1775.65	0.158341	0.02775	17.5254	317	194
1777.31	0.158341	0.02775	17.5254	317	194
1779.01	0.158341	0.02775	17.5254	317	194
1780.84	0.158341	0.02775	17.5254	317	194
1782.57	0.158341	0.02775	17.5254	317	194
1784.49	0.158341	0.02775	17.5254	317	194
1786.28	0.158341	0.02775	17.5254	317	194
1788.05	0.158341	0.02775	17.5254	317	194
1789.76	0.158341	0.02775	17.5254	317	194
1791.5	0.158341	0.02775	17.5254	317	194
1793.24	0.158341	0.02775	17.5254	317	194
1794.93	0.158341	0.02775	17.5254	317	194
1796.64	0.158341	0.02775	17.5254	317	194
1798.57	0.158341	0.02775	17.5254	317	194
1800.4	0.158341	0.02775	17.5254	317	194
1802.23	0.158341	0.02775	17.5254	317	194
1804.14	0.158341	0.02775	17.5254	317	194
1806.22	0.158341	0.02775	17.5254	317	194
1808.41	0.158341	0.02775	17.5254	317	194
1810.45	0.158341	0.02775	17.5254	317	194
1812.37	0.158341	0.02775	17.5254	317	194
1814.3	0.158341	0.02775	17.5254	317	194
1816.45	0.158341	0.02775	17.5254	317	194
1818.28	0.158341	0.02775	17.5254	317	194
1820.2	0.158341	0.02775	17.5254	317	194
1822.16	0.158341	0.02775	17.5254	317	194
1824.09	0.158341	0.02775	17.5254	317	194
1824.9	0.158341	0.02775	17.5254	317	194
