228.525	0.204123	0.01025	5.02148	291	82
237.592	0.204123	0.01025	5.02148	291	82
253.999	0.204123	0.01025	5.02148	291	82
271.647	0.204123	0.01025	5.02148	291	82
279.497	0.204123	0.01025	5.02148	291	82
289.875	0.204123	0.01025	5.02148	291	82
298.864	0.204123	0.01025	5.02148	291	82
307.08	0.204123	0.01025	5.02148	291	82
317.286	0.204123	0.01025	5.02148	291	82
326.431	0.204123	0.01025	5.02148	291	82
335.528	0.204123	0.01025	5.02148	291	82
345.814	0.204123	0.01025	5.02148	291	82
356.278	0.204123	0.01025	5.02148	291	82
362.899	0.204123	0.01025	5.02148	291	82
369.218	0.204123	0.01025	5.02148	291	82
378.539	0.318419	0.013	4.08267	343	104
381.673	0.318419	0.013	4.08267	343	104
382.863	0.318419	0.013	4.08267	343	104
384.722	0.318419	0.013	4.08267	343	104
387.054	0.318419	0.013	4.08267	343	104
388.981	0.318419	0.013	4.08267	343	104
391.241	0.318419	0.013	4.08267	343	104
393.484	0.318419	0.013	4.08267	343	104
395.743	0.318419	0.013	4.08267	343	104
398.019	0.318419	0.013	4.08267	343	104
400.465	0.318419	0.013	4.08267	343	104
403.029	0.318419	0.013	4.08267	343	104
405.556	0.318419	0.013	4.08267	343	104
407.844	0.318419	0.013	4.08267	343	104
410.204	0.318419	0.013	4.08267	343	104
412.72	0.318419	0.013	4.08267	343	104
415.126	0.318419	0.013	4.08267	343	104
417.614	0.318419	0.013	4.08267	343	104
420.001	0.318419	0.013	4.08267	343	104
422.451	0.318419	0.013	4.08267	343	104
425.032	0.318419	0.013	4.08267	343	104
427.474	0.318419	0.013	4.08267	343	104
429.778	0.318419	0.013	4.08267	343	104
432.147	0.318419	0.013	4.08267	343	104
434.562	0.318419	0.013	4.08267	343	104
436.919	0.318419	0.013	4.08267	343	104
439.295	0.318419	0.013	4.08267	343	104
441.904	0.318419	0.013	4.08267	343	104
444.32	0.318419	0.013	4.08267	343	104
446.598	0.318419	0.013	4.08267	343	104
448.865	0.318419	0.013	4.08267	343	104
451.352	0.318419	0.013	4.08267	343	104
454.013	0.318419	0.013	4.08267	343	104
456.376	0.318419	0.013	4.08267	343	104
458.729	0.318419	0.013	4.08267	343	104
461.087	0.318419	0.013	4.08267	343	104
463.61	0.318419	0.013	4.08267	343	104
466.039	0.318419	0.013	4.08267	343	104
468.38	0.318419	0.013	4.08267	343	104
470.806	0.318419	0.013	4.08267	343	104
473.076	0.318419	0.013	4.08267	343	104
475.458	0.318419	0.013	4.08267	343	104
477.779	0.318419	0.013	4.08267	343	104
480.048	0.318419	0.013	4.08267	343	104
482.326	0.318419	0.013	4.08267	343	104
484.701	0.318419	0.013	4.08267	343	104
486.949	0.318419	0.013	4.08267	343	104
489.28	0.318419	0.013	4.08267	343	104
491.602	0.318419	0.013	4.08267	343	104
494.052	0.318419	0.013	4.08267	343	104
496.288	0.318419	0.013	4.08267	343	104
504.898	0.318419	0.013	4.08267	343	104
517.815	0.318419	0.013	4.08267	343	104
529.955	0.318419	0.013	4.08267	343	104
542.305	0.318419	0.013	4.08267	343	104
552.852	0.318419	0.013	4.08267	343	104
571.577	0.318419	0.013	4.08267	343	104
591.987	0.318419	0.013	4.08267	343	104
603.419	0.370248	0.035	9.45312	911	280
614.525	0.37026	0.036625	9.8917	937	293
624.623	0.370965	0.0526248	14.1859	944	421
631.655	0.370965	0.0526248	14.1859	944	421
636.491	0.370965	0.0526248	14.1859	944	421
641.613	0.370965	0.0526248	14.1859	944	421
646.331	0.370965	0.0526248	14.1859	944	421
651.426	0.370965	0.0526248	14.1859	944	421
658.749	0.370965	0.0526248	14.1859	944	421
667.41	0.370965	0.0526248	14.1859	944	421
676.034	0.370965	0.0526248	14.1859	944	421
683.519	0.370965	0.0526248	14.1859	944	421
694.578	0.370965	0.0526248	14.1859	944	421
702.066	0.370965	0.0526248	14.1859	944	421
708.311	0.370965	0.0526248	14.1859	944	421
714.485	0.370965	0.0526248	14.1859	944	421
719.385	0.370965	0.0526248	14.1859	944	421
722.446	0.370965	0.0526248	14.1859	944	421
724.03	0.370965	0.0526248	14.1859	944	421
725.301	0.370965	0.0526248	14.1859	944	421
726.565	0.370965	0.0526248	14.1859	944	421
727.82	0.370965	0.0526248	14.1859	944	421
729.117	0.370965	0.0526248	14.1859	944	421
730.454	0.370965	0.0526248	14.1859	944	421
731.832	0.370965	0.0526248	14.1859	944	421
733.336	0.370965	0.0526248	14.1859	944	421
734.979	0.370965	0.0526248	14.1859	944	421
736.634	0.370965	0.0526248	14.1859	944	421
738.66	0.370965	0.0526248	14.1859	944	421
740.665	0.370965	0.0526248	14.1859	944	421
742.59	0.370965	0.0526248	14.1859	944	421
744.487	0.370965	0.0526248	14.1859	944	421
746.261	0.370965	0.0526248	14.1859	944	421
747.993	0.370965	0.0526248	14.1859	944	421
749.677	0.370965	0.0526248	14.1859	944	421
751.401	0.370965	0.0526248	14.1859	944	421
753.124	0.370965	0.0526248	14.1859	944	421
754.878	0.370965	0.0526248	14.1859	944	421
756.638	0.370965	0.0526248	14.1859	944	421
758.326	0.370965	0.0526248	14.1859	944	421
760.042	0.370965	0.0526248	14.1859	944	421
761.671	0.370965	0.0526248	14.1859	944	421
763.482	0.370965	0.0526248	14.1859	944	421
765.19	0.370965	0.0526248	14.1859	944	421
766.801	0.370965	0.0526248	14.1859	944	421
768.437	0.370965	0.0526248	14.1859	944	421
770.213	0.370965	0.0526248	14.1859	944	421
772.044	0.370965	0.0526248	14.1859	944	421
776.892	0.370965	0.0526248	14.1859	944	421
785.655	0.370965	0.0526248	14.1859	944	421
793.785	0.370965	0.0526248	14.1859	944	421
801.164	0.370965	0.0526248	14.1859	944	421
805.617	0.370965	0.0526248	14.1859	944	421
810.004	0.370965	0.0526248	14.1859	944	421
812.45	0.370965	0.0526248	14.1859	944	421
816.974	0.370965	0.0526248	14.1859	944	421
821.48	0.370965	0.0526248	14.1859	944	421
825.437	0.370965	0.0526248	14.1859	944	421
833.138	0.370965	0.0526248	14.1859	944	421
839.186	0.370965	0.0526248	14.1859	944	421
844.067	0.370965	0.0526248	14.1859	944	421
848.769	0.370965	0.0526248	14.1859	944	421
862.805	0.370965	0.0526248	14.1859	944	421
874.705	0.370965	0.0526248	14.1859	944	421
882.289	0.370965	0.0526248	14.1859	944	421
888.554	0.370965	0.0526248	14.1859	944	421
894.496	0.370965	0.0526248	14.1859	944	421
898.408	0.370965	0.0526248	14.1859	944	421
900.62	0.370965	0.0526248	14.1859	944	421
902.033	0.370965	0.0526248	14.1859	944	421
903.486	0.370965	0.0526248	14.1859	944	421
904.734	0.370965	0.0526248	14.1859	944	421
906.095	0.370965	0.0526248	14.1859	944	421
907.452	0.370965	0.0526248	14.1859	944	421
908.915	0.370965	0.0526248	14.1859	944	421
910.199	0.370965	0.0526248	14.1859	944	421
911.529	0.370965	0.0526248	14.1859	944	421
912.882	0.370965	0.0526248	14.1859	944	421
914.223	0.370965	0.0526248	14.1859	944	421
921.329	0.370965	0.0526248	14.1859	944	421
923.004	0.370965	0.0526248	14.1859	944	421
924.65	0.370965	0.0526248	14.1859	944	421
926.226	0.370965	0.0526248	14.1859	944	421
927.731	0.370965	0.0526248	14.1859	944	421
929.195	0.370965	0.0526248	14.1859	944	421
930.681	0.370965	0.0526248	14.1859	944	421
932.047	0.370965	0.0526248	14.1859	944	421
933.446	0.370965	0.0526248	14.1859	944	421
934.854	0.370965	0.0526248	14.1859	944	421
936.148	0.370965	0.0526248	14.1859	944	421
937.59	0.370965	0.0526248	14.1859	944	421
939.055	0.370965	0.0526248	14.1859	944	421
940.523	0.370965	0.0526248	14.1859	944	421
941.985	0.370965	0.0526248	14.1859	944	421
943.535	0.370965	0.0526248	14.1859	944	421
945.037	0.370965	0.0526248	14.1859	944	421
946.502	0.370965	0.0526248	14.1859	944	421
948.032	0.370965	0.0526248	14.1859	944	421
949.514	0.370965	0.0526248	14.1859	944	421
950.965	0.370965	0.0526248	14.1859	944	421
952.418	0.370965	0.0526248	14.1859	944	421
953.91	0.370965	0.0526248	14.1859	944	421
955.569	0.370965	0.0526248	14.1859	944	421
957.169	0.370965	0.0526248	14.1859	944	421
958.8	0.370965	0.0526248	14.1859	944	421
960.385	0.370965	0.0526248	14.1859	944	421
961.966	0.370965	0.0526248	14.1859	944	421
963.744	0.370965	0.0526248	14.1859	944	421
969.389	0.370965	0.0526248	14.1859	944	421
980.129	0.370965	0.0526248	14.1859	944	421
992.993	0.370965	0.0526248	14.1859	944	421
999.13	0.370965	0.0526248	14.1859	944	421
1001.87	0.370965	0.0526248	14.1859	944	421
1005.97	0.370965	0.0526248	14.1859	944	421
1015.47	0.370965	0.0526248	14.1859	944	421
1023.12	0.370965	0.0526248	14.1859	944	421
1030.25	0.370965	0.0526248	14.1859	944	421
1038.2	0.370965	0.0526248	14.1859	944	421
1045.82	0.370965	0.0526248	14.1859	944	421
1051.87	0.370965	0.0526248	14.1859	944	421
1057.65	0.370965	0.0526248	14.1859	944	421
1062.01	0.370965	0.0526248	14.1859	944	421
1065	0.370965	0.0526248	14.1859	944	421
1066.5	0.370965	0.0526248	14.1859	944	421
1067.97	0.370965	0.0526248	14.1859	944	421
1069.33	0.370965	0.0526248	14.1859	944	421
1070.64	0.370965	0.0526248	14.1859	944	421
1072.02	0.370965	0.0526248	14.1859	944	421
1073.5	0.370965	0.0526248	14.1859	944	421
1075.16	0.370965	0.0526248	14.1859	944	421
1076.6	0.370965	0.0526248	14.1859	944	421
1083.05	0.370965	0.0526248	14.1859	944	421
1084.36	0.370965	0.0526248	14.1859	944	421
1085.7	0.370965	0.0526248	14.1859	944	421
1087.47	0.370965	0.0526248	14.1859	944	421
1089.27	0.370965	0.0526248	14.1859	944	421
1091.05	0.370965	0.0526248	14.1859	944	421
1092.97	0.370965	0.0526248	14.1859	944	421
1094.85	0.370965	0.0526248	14.1859	944	421
1096.9	0.370965	0.0526248	14.1859	944	421
1098.83	0.370965	0.0526248	14.1859	944	421
1100.69	0.370965	0.0526248	14.1859	944	421
1102.47	0.370965	0.0526248	14.1859	944	421
1104.25	0.370965	0.0526248	14.1859	944	421
1106.28	0.370965	0.0526248	14.1859	944	421
1108.12	0.370965	0.0526248	14.1859	944	421
1109.97	0.370965	0.0526248	14.1859	944	421
1111.86	0.370965	0.0526248	14.1859	944	421
1113.72	0.370965	0.0526248	14.1859	944	421
1115.53	0.370965	0.0526248	14.1859	944	421
1117.3	0.370965	0.0526248	14.1859	944	421
1119.07	0.370965	0.0526248	14.1859	944	421
1120.86	0.370965	0.0526248	14.1859	944	421
1122.88	0.370965	0.0526248	14.1859	944	421
1125.08	0.370965	0.0526248	14.1859	944	421
1127.07	0.370965	0.0526248	14.1859	944	421
1129.12	0.370965	0.0526248	14.1859	944	421
1130.85	0.370965	0.0526248	14.1859	944	421
1132.55	0.370965	0.0526248	14.1859	944	421
1134.33	0.370965	0.0526248	14.1859	944	421
1136.11	0.370965	0.0526248	14.1859	944	421
1138.12	0.370965	0.0526248	14.1859	944	421
1140.02	0.370965	0.0526248	14.1859	944	421
1141.78	0.370965	0.0526248	14.1859	944	421
1143.6	0.370965	0.0526248	14.1859	944	421
1145.27	0.370965	0.0526248	14.1859	944	421
1146.88	0.370965	0.0526248	14.1859	944	421
1153.4	0.370965	0.0526248	14.1859	944	421
1166.99	0.370965	0.0526248	14.1859	944	421
1180.95	0.370965	0.0526248	14.1859	944	421
1190.86	0.370965	0.0526248	14.1859	944	421
1195.43	0.370965	0.0526248	14.1859	944	421
1199.9	0.370965	0.0526248	14.1859	944	421
1203.44	0.370965	0.0526248	14.1859	944	421
1204.75	0.370965	0.0526248	14.1859	944	421
1212.11	0.370965	0.0526248	14.1859	944	421
1223.84	0.370965	0.0526248	14.1859	944	421
1234.58	0.370965	0.0526248	14.1859	944	421
1245.23	0.370965	0.0526248	14.1859	944	421
1255.01	0.370965	0.0526248	14.1859	944	421
1264.91	0.370965	0.0526248	14.1859	944	421
1271.88	0.370965	0.0526248	14.1859	944	421
1275.23	0.370965	0.0526248	14.1859	944	421
1277.89	0.370965	0.0526248	14.1859	944	421
1279.39	0.370965	0.0526248	14.1859	944	421
1280.78	0.370965	0.0526248	14.1859	944	421
1282.24	0.370965	0.0526248	14.1859	944	421
1283.79	0.370965	0.0526248	14.1859	944	421
1285.38	0.370965	0.0526248	14.1859	944	421
1286.97	0.370965	0.0526248	14.1859	944	421
1288.35	0.370965	0.0526248	14.1859	944	421
1289.68	0.370965	0.0526248	14.1859	944	421
1291.03	0.370965	0.0526248	14.1859	944	421
1292.47	0.370965	0.0526248	14.1859	944	421
1299.04	0.370965	0.0526248	14.1859	944	421
1300.27	0.370965	0.0526248	14.1859	944	421
1301.78	0.370965	0.0526248	14.1859	944	421
1303.31	0.370965	0.0526248	14.1859	944	421
1304.86	0.370965	0.0526248	14.1859	944	421
1310.93	0.370965	0.0526248	14.1859	944	421
1315.66	0.370965	0.0526248	14.1859	944	421
1327.31	0.370965	0.0526248	14.1859	944	421
1333.96	0.370965	0.0526248	14.1859	944	421
1340.6	0.370965	0.0526248	14.1859	944	421
1345.62	0.370965	0.0526248	14.1859	944	421
1350.78	0.370965	0.0526248	14.1859	944	421
1355.53	0.370965	0.0526248	14.1859	944	421
1363.36	0.370965	0.0526248	14.1859	944	421
1373.12	0.370965	0.0526248	14.1859	944	421
1381.47	0.370965	0.0526248	14.1859	944	421
1384.14	0.370965	0.0526248	14.1859	944	421
1409.12	0.370965	0.0531248	14.3207	926	425
1422.46	0.370965	0.0531248	14.3207	926	425
1435.59	0.370965	0.0531248	14.3207	926	425
1446.72	0.370965	0.0531248	14.3207	926	425
1451.73	0.370965	0.0531248	14.3207	926	425
1456.36	0.370965	0.0531248	14.3207	926	425
1461.19	0.370965	0.0531248	14.3207	926	425
1466.16	0.370965	0.0531248	14.3207	926	425
1470.94	0.370965	0.0531248	14.3207	926	425
1475.58	0.370965	0.0531248	14.3207	926	425
1484.25	0.370965	0.0531248	14.3207	926	425
1492.43	0.370965	0.0531248	14.3207	926	425
1500.51	0.370965	0.0531248	14.3207	926	425
1512.5	0.370965	0.0531248	14.3207	926	425
1520.25	0.370965	0.0531248	14.3207	926	425
1527.8	0.370965	0.0531248	14.3207	926	425
1532.66	0.370965	0.0531248	14.3207	926	425
1563.48	0.371072	0.0536248	14.4513	1045	429
1592.12	0.37108	0.0536248	14.451	1022	429
1605.68	0.37108	0.0536248	14.451	1022	429
1619.39	0.37108	0.0536248	14.451	1022	429
1634.21	0.37108	0.0536248	14.451	1022	429
1649.14	0.37108	0.0536248	14.451	1022	429
1664.15	0.37108	0.0536248	14.451	1022	429
1679.17	0.37108	0.0536248	14.451	1022	429
1687.48	0.37108	0.0536248	14.451	1022	429
1695.37	0.37108	0.0536248	14.451	1022	429
1703.63	0.37108	0.0536248	14.451	1022	429
1710.89	0.37108	0.0536248	14.451	1022	429
1718	0.37108	0.0536248	14.451	1022	429
1724.39	0.37108	0.0536248	14.451	1022	429
1729.22	0.37108	0.0536248	14.451	1022	429
1733.88	0.37108	0.0536248	14.451	1022	429
1736.64	0.37108	0.0536248	14.451	1022	429
1738.48	0.37108	0.0536248	14.451	1022	429
1740.31	0.37108	0.0536248	14.451	1022	429
1742.13	0.37108	0.0536248	14.451	1022	429
1743.89	0.37108	0.0536248	14.451	1022	429
1745.82	0.37108	0.0536248	14.451	1022	429
1747.72	0.37108	0.0536248	14.451	1022	429
1749.59	0.37108	0.0536248	14.451	1022	429
1751.62	0.37108	0.0536248	14.451	1022	429
1753.67	0.37108	0.0536248	14.451	1022	429
1755.71	0.37108	0.0536248	14.451	1022	429
1757.73	0.37108	0.0536248	14.451	1022	429
1759.68	0.37108	0.0536248	14.451	1022	429
1761.68	0.37108	0.0536248	14.451	1022	429
1763.54	0.37108	0.0536248	14.451	1022	429
1765.37	0.37108	0.0536248	14.451	1022	429
1767.16	0.37108	0.0536248	14.451	1022	429
1768.86	0.37108	0.0536248	14.451	1022	429
1770.56	0.37108	0.0536248	14.451	1022	429
1772.27	0.37108	0.0536248	14.451	1022	429
1773.96	0.37108	0.0536248	14.451	1022	429
1775.66	0.37108	0.0536248	14.451	1022	429
1777.32	0.37108	0.0536248	14.451	1022	429
1779.02	0.37108	0.0536248	14.451	1022	429
1780.85	0.37108	0.0536248	14.451	1022	429
1782.58	0.37108	0.0536248	14.451	1022	429
1784.5	0.37108	0.0536248	14.451	1022	429
1786.31	0.37108	0.0536248	14.451	1022	429
1788.06	0.37108	0.0536248	14.451	1022	429
1789.77	0.37108	0.0536248	14.451	1022	429
1791.51	0.37108	0.0536248	14.451	1022	429
1793.25	0.37108	0.0536248	14.451	1022	429
1794.94	0.37108	0.0536248	14.451	1022	429
1796.65	0.37108	0.0536248	14.451	1022	429
1798.58	0.37108	0.0536248	14.451	1022	429
1800.41	0.37108	0.0536248	14.451	1022	429
1802.24	0.37108	0.0536248	14.451	1022	429
1804.15	0.37108	0.0536248	14.451	1022	429
1806.24	0.37108	0.0536248	14.451	1022	429
1808.42	0.37108	0.0536248	14.451	1022	429
1810.47	0.37108	0.0536248	14.451	1022	429
1812.39	0.37108	0.0536248	14.451	1022	429
1814.3	0.37108	0.0536248	14.451	1022	429
1816.46	0.37108	0.0536248	14.451	1022	429
1818.3	0.37108	0.0536248	14.451	1022	429
1820.21	0.37108	0.0536248	14.451	1022	429
1822.18	0.37108	0.0536248	14.451	1022	429
1824.1	0.37108	0.0536248	14.451	1022	429
1824.9	0.37108	0.0536248	14.451	1022	429
