15.366	0.137956	0.010375	7.5205	165	83
19.433	0.138111	0.010375	7.51205	207	83
23.734	0.1382	0.010375	7.50721	200	83
28.441	0.1382	0.010375	7.50721	207	83
33.357	0.1382	0.010375	7.50721	200	83
38.145	0.1382	0.010375	7.50721	200	83
43.119	0.1382	0.010375	7.50721	200	83
48.229	0.1382	0.010375	7.50721	200	83
53.295	0.1382	0.010375	7.50721	200	83
58.611	0.1382	0.010375	7.50721	200	83
63.862	0.1382	0.010375	7.50721	200	83
69.459	0.1382	0.010375	7.50721	200	83
77.19	0.1382	0.010375	7.50721	200	83
86.135	0.1382	0.010375	7.50721	200	83
95.065	0.1382	0.010375	7.50721	200	83
98.317	0.1382	0.010375	7.50721	200	83
101.855	0.1382	0.010375	7.50721	200	83
105.421	0.1382	0.010375	7.50721	200	83
108.284	0.1382	0.010375	7.50721	200	83
110.371	0.1382	0.010375	7.50721	200	83
116.095	0.1382	0.010375	7.50721	200	83
122.723	0.1382	0.010375	7.50721	200	83
128.963	0.1382	0.010375	7.50721	200	83
138.207	0.1382	0.010375	7.50721	200	83
143.49	0.1382	0.010375	7.50721	200	83
148.577	0.1382	0.010375	7.50721	200	83
153.028	0.1382	0.010375	7.50721	200	83
154.903	0.1382	0.010375	7.50721	200	83
155.868	0.1382	0.010375	7.50721	200	83
156.91	0.1382	0.010375	7.50721	200	83
157.844	0.1382	0.010375	7.50721	200	83
158.921	0.1382	0.010375	7.50721	200	83
159.981	0.1382	0.010375	7.50721	200	83
161.161	0.1382	0.010375	7.50721	200	83
162.313	0.1382	0.010375	7.50721	200	83
163.449	0.1382	0.010375	7.50721	200	83
164.507	0.1382	0.010375	7.50721	200	83
165.61	0.1382	0.010375	7.50721	200	83
174.761	0.1382	0.010375	7.50721	200	83
180.63	0.1382	0.010375	7.50721	200	83
185.395	0.1382	0.010375	7.50721	200	83
190.309	0.1382	0.010375	7.50721	200	83
192.412	0.1382	0.010375	7.50721	200	83
196.197	0.1382	0.010375	7.50721	200	83
199.935	0.1382	0.010375	7.50721	200	83
203.402	0.1382	0.010375	7.50721	200	83
208.053	0.1382	0.010375	7.50721	200	83
215.754	0.1382	0.010375	7.50721	200	83
219.037	0.1382	0.010375	7.50721	200	83
228.279	0.1382	0.010375	7.50721	200	83
237.319	0.15399	0.024375	15.829	440	195
253.619	0.154005	0.024375	15.8274	497	195
271.329	0.154042	0.024375	15.8236	497	195
279.172	0.154042	0.024375	15.8236	497	195
289.578	0.154042	0.024375	15.8236	497	195
298.565	0.154042	0.024375	15.8236	497	195
306.787	0.154042	0.024375	15.8236	497	195
316.97	0.154042	0.024375	15.8236	497	195
326.089	0.154042	0.024375	15.8236	497	195
335.174	0.154042	0.024375	15.8236	497	195
345.447	0.154042	0.024375	15.8236	497	195
355.922	0.154042	0.024375	15.8236	497	195
362.528	0.154042	0.024375	15.8236	497	195
368.787	0.154042	0.024375	15.8236	497	195
378.19	0.154042	0.024375	15.8236	497	195
381.291	0.154042	0.024375	15.8236	497	195
382.497	0.154042	0.024375	15.8236	497	195
384.358	0.154042	0.024375	15.8236	497	195
386.734	0.154042	0.024375	15.8236	497	195
388.664	0.154042	0.024375	15.8236	497	195
390.921	0.154042	0.024375	15.8236	497	195
393.173	0.154042	0.024375	15.8236	497	195
395.409	0.154042	0.024375	15.8236	497	195
397.693	0.154042	0.024375	15.8236	497	195
400.123	0.154042	0.024375	15.8236	497	195
402.63	0.154042	0.024375	15.8236	497	195
405.218	0.154042	0.024375	15.8236	497	195
407.521	0.154042	0.024375	15.8236	497	195
409.868	0.154042	0.024375	15.8236	497	195
412.384	0.154042	0.024375	15.8236	497	195
414.747	0.154042	0.024375	15.8236	497	195
417.239	0.154042	0.024375	15.8236	497	195
419.635	0.154042	0.024375	15.8236	497	195
422.069	0.154042	0.024375	15.8236	497	195
424.687	0.154042	0.024375	15.8236	497	195
427.121	0.154042	0.024375	15.8236	497	195
429.4	0.154042	0.024375	15.8236	497	195
431.811	0.154042	0.024375	15.8236	497	195
434.213	0.154042	0.024375	15.8236	497	195
436.587	0.154042	0.024375	15.8236	497	195
438.942	0.154042	0.024375	15.8236	497	195
441.551	0.154042	0.024375	15.8236	497	195
444.007	0.154042	0.024375	15.8236	497	195
446.278	0.154042	0.024375	15.8236	497	195
448.522	0.154042	0.024375	15.8236	497	195
450.964	0.154042	0.024375	15.8236	497	195
453.662	0.154042	0.024375	15.8236	497	195
456.016	0.154042	0.024375	15.8236	497	195
458.41	0.154042	0.024375	15.8236	497	195
460.743	0.154042	0.024375	15.8236	497	195
463.265	0.154042	0.024375	15.8236	497	195
465.716	0.154042	0.024375	15.8236	497	195
468.041	0.154042	0.024375	15.8236	497	195
470.443	0.154042	0.024375	15.8236	497	195
472.77	0.154042	0.024375	15.8236	497	195
475.134	0.154042	0.024375	15.8236	497	195
477.443	0.154042	0.024375	15.8236	497	195
479.752	0.154042	0.024375	15.8236	497	195
482.012	0.154042	0.024375	15.8236	497	195
484.374	0.154042	0.024375	15.8236	497	195
486.626	0.154042	0.024375	15.8236	497	195
488.954	0.154042	0.024375	15.8236	497	195
491.244	0.154042	0.024375	15.8236	497	195
493.731	0.154042	0.024375	15.8236	497	195
495.956	0.154042	0.024375	15.8236	497	195
504.589	0.154042	0.024375	15.8236	497	195
517.431	0.154042	0.024375	15.8236	497	195
529.64	0.154042	0.024375	15.8236	497	195
541.986	0.154042	0.024375	15.8236	497	195
552.521	0.339677	0.0656246	19.3197	737	525
571.233	0.339677	0.0656246	19.3197	737	525
591.659	0.339677	0.0656246	19.3197	737	525
603.034	0.339677	0.0656246	19.3197	737	525
614.159	0.339677	0.0656246	19.3197	737	525
624.275	0.339677	0.0656246	19.3197	737	525
631.248	0.411841	0.0768746	18.6661	1025	510
636.061	0.411841	0.0768746	18.6661	1025	510
641.164	0.411841	0.0768746	18.6661	1025	510
645.97	0.411841	0.0768746	18.6661	1025	510
650.971	0.411841	0.0768746	18.6661	1025	510
658.381	0.411841	0.0768746	18.6661	1025	510
666.893	0.411841	0.0768746	18.6661	1025	510
675.632	0.411841	0.0768746	18.6661	1025	510
683.155	0.411841	0.0768746	18.6661	1025	510
694.237	0.411841	0.0768746	18.6661	1025	510
701.715	0.411841	0.0768746	18.6661	1025	510
707.954	0.411841	0.0768746	18.6661	1025	510
714.119	0.411841	0.0768746	18.6661	1025	510
718.958	0.411841	0.0768746	18.6661	1025	510
722.088	0.411841	0.0768746	18.6661	1025	510
723.581	0.411841	0.0768746	18.6661	1025	510
724.965	0.411841	0.0768746	18.6661	1025	510
726.228	0.411841	0.0768746	18.6661	1025	510
727.449	0.411841	0.0768746	18.6661	1025	510
728.723	0.411841	0.0768746	18.6661	1025	510
730.036	0.411841	0.0768746	18.6661	1025	510
731.476	0.411841	0.0768746	18.6661	1025	510
732.99	0.411841	0.0768746	18.6661	1025	510
734.63	0.411841	0.0768746	18.6661	1025	510
736.295	0.411841	0.0768746	18.6661	1025	510
738.224	0.411841	0.0768746	18.6661	1025	510
740.238	0.411841	0.0768746	18.6661	1025	510
742.186	0.411841	0.0768746	18.6661	1025	510
744.098	0.411841	0.0768746	18.6661	1025	510
745.89	0.411841	0.0768746	18.6661	1025	510
747.648	0.411841	0.0768746	18.6661	1025	510
749.32	0.411841	0.0768746	18.6661	1025	510
751.051	0.411841	0.0768746	18.6661	1025	510
752.746	0.411841	0.0768746	18.6661	1025	510
754.51	0.411841	0.0768746	18.6661	1025	510
756.249	0.411841	0.0768746	18.6661	1025	510
757.962	0.411841	0.0768746	18.6661	1025	510
759.677	0.411841	0.0768746	18.6661	1025	510
761.296	0.411841	0.0768746	18.6661	1025	510
763.098	0.411841	0.0768746	18.6661	1025	510
764.822	0.411841	0.0768746	18.6661	1025	510
766.456	0.411841	0.0768746	18.6661	1025	510
768.067	0.411841	0.0768746	18.6661	1025	510
769.828	0.411841	0.0768746	18.6661	1025	510
771.642	0.411841	0.0768746	18.6661	1025	510
776.565	0.411841	0.0768746	18.6661	1025	510
785.286	0.411841	0.0768746	18.6661	1025	510
793.373	0.411841	0.0768746	18.6661	1025	510
800.751	0.411841	0.0768746	18.6661	1025	510
805.207	0.411841	0.0768746	18.6661	1025	510
809.611	0.411841	0.0768746	18.6661	1025	510
812.089	0.411841	0.0768746	18.6661	1025	510
816.582	0.411841	0.0768746	18.6661	1025	510
821.08	0.411841	0.0768746	18.6661	1025	510
825.039	0.411841	0.0768746	18.6661	1025	510
832.748	0.411841	0.0768746	18.6661	1025	510
838.748	0.411841	0.0768746	18.6661	1025	510
843.714	0.411841	0.0768746	18.6661	1025	510
848.395	0.411841	0.0768746	18.6661	1025	510
862.431	0.411841	0.0768746	18.6661	1025	510
874.324	0.411841	0.0768746	18.6661	1025	510
881.879	0.411841	0.0768746	18.6661	1025	510
888.188	0.411841	0.0768746	18.6661	1025	510
894.02	0.411841	0.0768746	18.6661	1025	510
898.01	0.411841	0.0768746	18.6661	1025	510
900.254	0.411841	0.0768746	18.6661	1025	510
901.643	0.411841	0.0768746	18.6661	1025	510
903.092	0.411841	0.0768746	18.6661	1025	510
904.352	0.411841	0.0768746	18.6661	1025	510
905.675	0.411841	0.0768746	18.6661	1025	510
907.02	0.411841	0.0768746	18.6661	1025	510
908.491	0.411841	0.0768746	18.6661	1025	510
909.799	0.411841	0.0768746	18.6661	1025	510
911.092	0.411841	0.0768746	18.6661	1025	510
912.501	0.411841	0.0768746	18.6661	1025	510
913.804	0.411841	0.0768746	18.6661	1025	510
920.874	0.411841	0.0768746	18.6661	1025	510
922.549	0.411841	0.0768746	18.6661	1025	510
924.195	0.411841	0.0768746	18.6661	1025	510
925.797	0.411841	0.0768746	18.6661	1025	510
927.328	0.411841	0.0768746	18.6661	1025	510
928.773	0.411841	0.0768746	18.6661	1025	510
930.264	0.411841	0.0768746	18.6661	1025	510
931.66	0.411841	0.0768746	18.6661	1025	510
933.017	0.411841	0.0768746	18.6661	1025	510
934.497	0.411841	0.0768746	18.6661	1025	510
935.795	0.411841	0.0768746	18.6661	1025	510
937.179	0.411841	0.0768746	18.6661	1025	510
938.604	0.411841	0.0768746	18.6661	1025	510
940.093	0.411841	0.0768746	18.6661	1025	510
941.549	0.411841	0.0768746	18.6661	1025	510
943.117	0.411841	0.0768746	18.6661	1025	510
944.617	0.411841	0.0768746	18.6661	1025	510
946.051	0.411841	0.0768746	18.6661	1025	510
947.582	0.411841	0.0768746	18.6661	1025	510
949.116	0.411841	0.0768746	18.6661	1025	510
950.554	0.411841	0.0768746	18.6661	1025	510
952.004	0.411841	0.0768746	18.6661	1025	510
953.431	0.411841	0.0768746	18.6661	1025	510
955.12	0.411841	0.0768746	18.6661	1025	510
956.67	0.411841	0.0768746	18.6661	1025	510
958.349	0.411841	0.0768746	18.6661	1025	510
959.917	0.411841	0.0768746	18.6661	1025	510
961.459	0.411841	0.0768746	18.6661	1025	510
963.3	0.411841	0.0768746	18.6661	1025	510
969.001	0.411841	0.0768746	18.6661	1025	510
979.671	0.411841	0.0768746	18.6661	1025	510
992.478	0.411841	0.0768746	18.6661	1025	510
998.649	0.411841	0.0768746	18.6661	1025	510
1001.42	0.411841	0.0768746	18.6661	1025	510
1005.46	0.411841	0.0768746	18.6661	1025	510
1014.99	0.411841	0.0768746	18.6661	1025	510
1022.69	0.411841	0.0768746	18.6661	1025	510
1029.83	0.411841	0.0768746	18.6661	1025	510
1037.68	0.411841	0.0768746	18.6661	1025	510
1045.41	0.411841	0.0768746	18.6661	1025	510
1051.47	0.411841	0.0768746	18.6661	1025	510
1057.22	0.411841	0.0768746	18.6661	1025	510
1061.62	0.411841	0.0768746	18.6661	1025	510
1064.57	0.411841	0.0768746	18.6661	1025	510
1066.04	0.411841	0.0768746	18.6661	1025	510
1067.48	0.411841	0.0768746	18.6661	1025	510
1068.91	0.411841	0.0768746	18.6661	1025	510
1070.21	0.411841	0.0768746	18.6661	1025	510
1071.53	0.411841	0.0768746	18.6661	1025	510
1073.01	0.411841	0.0768746	18.6661	1025	510
1074.64	0.411841	0.0768746	18.6661	1025	510
1076.11	0.411841	0.0768746	18.6661	1025	510
1082.62	0.411841	0.0768746	18.6661	1025	510
1083.91	0.411841	0.0768746	18.6661	1025	510
1085.29	0.411841	0.0768746	18.6661	1025	510
1087.06	0.411841	0.0768746	18.6661	1025	510
1088.83	0.411841	0.0768746	18.6661	1025	510
1090.61	0.411841	0.0768746	18.6661	1025	510
1092.49	0.411841	0.0768746	18.6661	1025	510
1094.39	0.411841	0.0768746	18.6661	1025	510
1096.4	0.411841	0.0768746	18.6661	1025	510
1098.41	0.411841	0.0768746	18.6661	1025	510
1100.21	0.411841	0.0768746	18.6661	1025	510
1102.08	0.411841	0.0768746	18.6661	1025	510
1103.83	0.411841	0.0768746	18.6661	1025	510
1105.8	0.411841	0.0768746	18.6661	1025	510
1107.7	0.411841	0.0768746	18.6661	1025	510
1109.49	0.411841	0.0768746	18.6661	1025	510
1111.42	0.411841	0.0768746	18.6661	1025	510
1113.3	0.411841	0.0768746	18.6661	1025	510
1115.09	0.411841	0.0768746	18.6661	1025	510
1116.88	0.411841	0.0768746	18.6661	1025	510
1118.66	0.411841	0.0768746	18.6661	1025	510
1120.42	0.411841	0.0768746	18.6661	1025	510
1122.38	0.411841	0.0768746	18.6661	1025	510
1124.59	0.411841	0.0768746	18.6661	1025	510
1126.56	0.411841	0.0768746	18.6661	1025	510
1128.65	0.411841	0.0768746	18.6661	1025	510
1130.45	0.411841	0.0768746	18.6661	1025	510
1132.16	0.411841	0.0768746	18.6661	1025	510
1133.91	0.411841	0.0768746	18.6661	1025	510
1135.67	0.411841	0.0768746	18.6661	1025	510
1137.63	0.411841	0.0768746	18.6661	1025	510
1139.56	0.411841	0.0768746	18.6661	1025	510
1141.37	0.411841	0.0768746	18.6661	1025	510
1143.15	0.411841	0.0768746	18.6661	1025	510
1144.84	0.411841	0.0768746	18.6661	1025	510
1146.51	0.411841	0.0768746	18.6661	1025	510
1153.01	0.411841	0.0768746	18.6661	1025	510
1166.56	0.411841	0.0768746	18.6661	1025	510
1180.43	0.411841	0.0768746	18.6661	1025	510
1190.39	0.411841	0.0768746	18.6661	1025	510
1194.94	0.411841	0.0768746	18.6661	1025	510
1199.38	0.411841	0.0768746	18.6661	1025	510
1202.95	0.411841	0.0768746	18.6661	1025	510
1204.29	0.411841	0.0768746	18.6661	1025	510
1211.62	0.411841	0.0768746	18.6661	1025	510
1223.3	0.411841	0.0768746	18.6661	1025	510
1234.1	0.411841	0.0768746	18.6661	1025	510
1244.75	0.411841	0.0768746	18.6661	1025	510
1254.58	0.411841	0.0768746	18.6661	1025	510
1264.44	0.411841	0.0768746	18.6661	1025	510
1271.46	0.411841	0.0768746	18.6661	1025	510
1274.8	0.411841	0.0768746	18.6661	1025	510
1277.42	0.411841	0.0768746	18.6661	1025	510
1278.98	0.411841	0.0768746	18.6661	1025	510
1280.39	0.411841	0.0768746	18.6661	1025	510
1281.79	0.411841	0.0768746	18.6661	1025	510
1283.23	0.411841	0.0768746	18.6661	1025	510
1284.84	0.411841	0.0768746	18.6661	1025	510
1286.43	0.411841	0.0768746	18.6661	1025	510
1287.84	0.411841	0.0768746	18.6661	1025	510
1289.25	0.411841	0.0768746	18.6661	1025	510
1290.58	0.411841	0.0768746	18.6661	1025	510
1291.97	0.411841	0.0768746	18.6661	1025	510
1298.64	0.411841	0.0768746	18.6661	1025	510
1299.85	0.411841	0.0768746	18.6661	1025	510
1301.37	0.411841	0.0768746	18.6661	1025	510
1302.95	0.411841	0.0768746	18.6661	1025	510
1304.48	0.411841	0.0768746	18.6661	1025	510
1310.55	0.411841	0.0768746	18.6661	1025	510
1315.27	0.411841	0.0768746	18.6661	1025	510
1326.86	0.411841	0.0768746	18.6661	1025	510
1333.42	0.411841	0.0768746	18.6661	1025	510
1340.1	0.411841	0.0768746	18.6661	1025	510
1345.07	0.411841	0.0768746	18.6661	1025	510
1350.23	0.411841	0.0768746	18.6661	1025	510
1355.05	0.411841	0.0768746	18.6661	1025	510
1362.87	0.411841	0.0768746	18.6661	1025	510
1372.56	0.411841	0.0768746	18.6661	1025	510
1381.05	0.411841	0.0768746	18.6661	1025	510
1383.71	0.411841	0.0768746	18.6661	1025	510
1408.75	0.411841	0.0768746	18.6661	1025	510
1421.96	0.411841	0.0768746	18.6661	1025	510
1435.19	0.411841	0.0768746	18.6661	1025	510
1446.29	0.411841	0.0768746	18.6661	1025	510
1451.33	0.411841	0.0768746	18.6661	1025	510
1455.92	0.411841	0.0768746	18.6661	1025	510
1460.73	0.411841	0.0768746	18.6661	1025	510
1465.71	0.411841	0.0768746	18.6661	1025	510
1470.49	0.411841	0.0768746	18.6661	1025	510
1475.11	0.411841	0.0768746	18.6661	1025	510
1483.74	0.411841	0.0768746	18.6661	1025	510
1491.87	0.411841	0.0768746	18.6661	1025	510
1499.97	0.411841	0.0768746	18.6661	1025	510
1512.06	0.411841	0.0768746	18.6661	1025	510
1519.8	0.411841	0.0768746	18.6661	1025	510
1527.35	0.411841	0.0768746	18.6661	1025	510
1532.19	0.411841	0.0768746	18.6661	1025	510
1563.02	0.411841	0.0768746	18.6661	1025	510
1591.6	0.411841	0.0768746	18.6661	1025	510
1605.26	0.411841	0.0818745	19.8801	1406	550
1618.92	0.411841	0.0819995	19.9105	1297	551
1633.73	0.411841	0.0819995	19.9105	1297	551
1648.67	0.411841	0.0819995	19.9105	1297	551
1663.6	0.411841	0.0819995	19.9105	1297	551
1678.65	0.411841	0.0819995	19.9105	1297	551
1686.97	0.411841	0.0819995	19.9105	1297	551
1694.85	0.411841	0.0819995	19.9105	1297	551
1703.18	0.411841	0.0819995	19.9105	1297	551
1710.46	0.411841	0.0819995	19.9105	1297	551
1717.52	0.411841	0.0819995	19.9105	1297	551
1723.94	0.411841	0.0819995	19.9105	1297	551
1728.73	0.411841	0.0819995	19.9105	1297	551
1733.45	0.411841	0.0819995	19.9105	1297	551
1736.22	0.411841	0.0819995	19.9105	1297	551
1738.05	0.411841	0.0819995	19.9105	1297	551
1739.85	0.411841	0.0819995	19.9105	1297	551
1741.69	0.411841	0.0819995	19.9105	1297	551
1743.5	0.411841	0.0819995	19.9105	1297	551
1745.4	0.411841	0.0819995	19.9105	1297	551
1747.29	0.411841	0.0819995	19.9105	1297	551
1749.15	0.411841	0.0819995	19.9105	1297	551
1751.14	0.411841	0.0819995	19.9105	1297	551
1753.23	0.411841	0.0819995	19.9105	1297	551
1755.22	0.411841	0.0819995	19.9105	1297	551
1757.26	0.411841	0.0819995	19.9105	1297	551
1759.26	0.411841	0.0819995	19.9105	1297	551
1761.24	0.411841	0.0819995	19.9105	1297	551
1763.12	0.411841	0.0819995	19.9105	1297	551
1764.94	0.411841	0.0819995	19.9105	1297	551
1766.75	0.411841	0.0819995	19.9105	1297	551
1768.49	0.411841	0.0819995	19.9105	1297	551
1770.15	0.411841	0.0819995	19.9105	1297	551
1771.9	0.411841	0.0819995	19.9105	1297	551
1773.57	0.411841	0.0819995	19.9105	1297	551
1775.27	0.411841	0.0819995	19.9105	1297	551
1776.94	0.411841	0.0819995	19.9105	1297	551
1778.62	0.411841	0.0819995	19.9105	1297	551
1780.43	0.411841	0.0819995	19.9105	1297	551
1782.16	0.411841	0.0819995	19.9105	1297	551
1784.01	0.411841	0.0819995	19.9105	1297	551
1785.89	0.411841	0.0819995	19.9105	1297	551
1787.66	0.411841	0.0819995	19.9105	1297	551
1789.39	0.411841	0.0819995	19.9105	1297	551
1791.11	0.411841	0.0819995	19.9105	1297	551
1792.89	0.411841	0.0819995	19.9105	1297	551
1794.56	0.411841	0.0819995	19.9105	1297	551
1796.25	0.411841	0.0819995	19.9105	1297	551
1798.17	0.411841	0.0819995	19.9105	1297	551
1800.01	0.411841	0.0819995	19.9105	1297	551
1801.83	0.411841	0.0819995	19.9105	1297	551
1803.68	0.411841	0.0819995	19.9105	1297	551
1805.79	0.411841	0.0819995	19.9105	1297	551
1807.91	0.411841	0.0819995	19.9105	1297	551
1810.02	0.411841	0.0819995	19.9105	1297	551
1811.97	0.411841	0.0819995	19.9105	1297	551
1813.85	0.411841	0.0819995	19.9105	1297	551
1815.97	0.411841	0.0819995	19.9105	1297	551
1817.88	0.411841	0.0819995	19.9105	1297	551
1819.78	0.411841	0.0819995	19.9105	1297	551
1821.73	0.411841	0.0819995	19.9105	1297	551
1823.67	0.411841	0.0819995	19.9105	1297	551
1824.9	0.411841	0.0819995	19.9105	1297	551
