59.426	1.28943	0.0847494	6.57264	2537	678
68.513	1.28994	0.0859993	6.66691	2545	688
78.077	1.29068	0.0859993	6.66313	2539	688
87.877	1.29143	0.0859993	6.65924	2541	688
90.079	1.29143	0.0859993	6.65924	2541	688
92.242	1.29143	0.0859993	6.65924	2541	688
96.851	1.29143	0.0859993	6.65924	2541	688
100.897	1.29143	0.0859993	6.65924	2541	688
103.488	1.29143	0.0859993	6.65924	2541	688
107.716	1.29143	0.0859993	6.65924	2541	688
114.368	1.29143	0.0859993	6.65924	2541	688
122.516	1.29143	0.0859993	6.65924	2541	688
130.283	1.29143	0.0859993	6.65924	2541	688
136.416	1.31719	0.100999	7.66775	4254	808
141.724	1.31719	0.107499	8.16122	4373	860
147.313	1.31731	0.109249	8.29336	3023	874
152.8	1.3174	0.109249	8.29276	3023	874
158.345	1.3174	0.109624	8.32122	3023	877
163.961	1.31741	0.109624	8.32117	3023	877
169.142	1.31741	0.109624	8.32117	3016	877
175.899	1.31741	0.110124	8.35912	2988	881
180.388	1.31741	0.110124	8.35912	2988	881
185.782	1.31741	0.110124	8.35912	2988	881
191.058	1.31741	0.110124	8.35912	2988	881
196.338	1.31741	0.110124	8.35912	2988	881
201.413	1.31741	0.110124	8.35912	2988	881
208.072	1.31741	0.110124	8.35912	3477	881
209.483	1.31741	0.110124	8.35912	3477	881
210.805	1.31741	0.110124	8.35912	3477	881
212.122	1.31741	0.110124	8.35912	3477	881
215.563	1.31741	0.110124	8.35912	3477	881
222.27	1.31741	0.110124	8.35912	3477	881
234.161	1.31741	0.110124	8.35912	3477	881
247.094	1.31741	0.110124	8.35912	3477	881
265.097	1.31741	0.110124	8.35912	3477	881
283.62	1.31741	0.110124	8.35912	3477	881
302.967	1.31741	0.110124	8.35912	3477	881
314.69	1.31741	0.110124	8.35912	3477	881
324.617	1.31741	0.110124	8.35912	3477	881
334.185	1.31741	0.110124	8.35912	3477	881
344.908	1.31741	0.110124	8.35912	3477	881
355.611	1.31741	0.110124	8.35912	3477	881
366.398	1.31741	0.110124	8.35912	3477	881
372.53	1.31741	0.110124	8.35912	3477	881
378.455	1.31741	0.110124	8.35912	3477	881
383.324	1.31741	0.110124	8.35912	3477	881
393.882	1.31741	0.110124	8.35912	3477	881
403.783	1.31741	0.110124	8.35912	3477	881
416.463	1.32102	0.112499	8.5161	3220	900
429.02	1.3212	0.112499	8.51494	3217	900
437.589	1.3212	0.112499	8.51494	3217	900
447.162	1.3212	0.112499	8.51494	3217	900
460.416	1.3212	0.112499	8.51494	3217	900
473.778	1.3212	0.112499	8.51494	3217	900
487.765	1.3212	0.112499	8.51494	3217	900
498.083	1.3212	0.112499	8.51494	3217	900
502.254	1.3212	0.112499	8.51494	3217	900
509.677	1.3212	0.112499	8.51494	3217	900
516.818	1.3212	0.112499	8.51494	3217	900
524.065	1.3212	0.112499	8.51494	3217	900
534.747	1.3212	0.114249	8.64739	5564	914
548.53	1.3212	0.114249	8.64739	5564	914
562.716	1.3212	0.114249	8.64739	5564	914
570.181	1.3212	0.114249	8.64739	5564	914
573.644	1.3212	0.114249	8.64739	5564	914
578.725	1.3212	0.114249	8.64739	5564	914
596.171	1.3212	0.114249	8.64739	5564	914
618.954	1.3212	0.114249	8.64739	5564	914
636.01	1.3212	0.114249	8.64739	5564	914
642.209	1.3212	0.114249	8.64739	5564	914
651.606	1.3212	0.114249	8.64739	5564	914
660.821	1.3212	0.114249	8.64739	5564	914
669.516	1.3212	0.114249	8.64739	5564	914
674.948	1.3212	0.114249	8.64739	5564	914
687.098	1.3212	0.114249	8.64739	5564	914
693.952	1.3212	0.114249	8.64739	5564	914
700.664	1.3212	0.114249	8.64739	5564	914
705.778	1.3212	0.114249	8.64739	5564	914
707.803	1.3212	0.114249	8.64739	5564	914
709.712	1.3212	0.114249	8.64739	5564	914
717.679	1.3212	0.114249	8.64739	5564	914
730.111	1.3212	0.114249	8.64739	5564	914
744.166	1.3212	0.114249	8.64739	5564	914
758.396	1.3212	0.114249	8.64739	5564	914
773.196	1.3212	0.114249	8.64739	5564	914
792.899	1.3212	0.114249	8.64739	5564	914
802.505	1.3212	0.114249	8.64739	5564	914
811.108	1.3212	0.114249	8.64739	5564	914
819.523	1.3212	0.114249	8.64739	5564	914
828.08	1.3212	0.114249	8.64739	5564	914
834.808	1.3212	0.114249	8.64739	5564	914
840.5	1.3212	0.114249	8.64739	5564	914
845.973	1.3212	0.114249	8.64739	5564	914
851.418	1.3212	0.114249	8.64739	5564	914
856.179	1.3212	0.114249	8.64739	5564	914
860.972	1.3212	0.114249	8.64739	5564	914
865.531	1.3212	0.114249	8.64739	5564	914
878.746	1.3212	0.114249	8.64739	5564	914
892.184	1.3212	0.114249	8.64739	5564	914
902.462	1.3212	0.114249	8.64739	5564	914
917.451	1.3212	0.114249	8.64739	5564	914
922.195	1.3212	0.114249	8.64739	5564	914
925.543	1.3212	0.114249	8.64739	5564	914
929.119	1.3212	0.114249	8.64739	5564	914
932.421	1.3212	0.114249	8.64739	5564	914
935.901	1.3212	0.114249	8.64739	5564	914
939.918	1.3212	0.114249	8.64739	5564	914
946.36	1.3212	0.114249	8.64739	5564	914
952.917	1.3212	0.114249	8.64739	5564	914
959.557	1.3212	0.114249	8.64739	5564	914
965.998	1.3212	0.114249	8.64739	5564	914
972.562	1.3212	0.114249	8.64739	5564	914
978.782	1.3212	0.114249	8.64739	5564	914
985.355	1.3212	0.114249	8.64739	5564	914
991.887	1.3212	0.114249	8.64739	5564	914
998.4	1.3212	0.114249	8.64739	5564	914
1004.7	1.3212	0.114249	8.64739	5564	914
1010.98	1.3212	0.114249	8.64739	5564	914
1029.69	1.3212	0.114249	8.64739	5564	914
1052.13	1.3212	0.114249	8.64739	5564	914
1060.6	1.3212	0.114249	8.64739	5564	914
1064.11	1.3212	0.114249	8.64739	5564	914
1067.99	1.3212	0.114249	8.64739	5564	914
1071.84	1.3212	0.114249	8.64739	5564	914
1075.61	1.3212	0.114249	8.64739	5564	914
1079.14	1.3212	0.114249	8.64739	5564	914
1082.93	1.3212	0.114249	8.64739	5564	914
1086.49	1.3212	0.114249	8.64739	5564	914
1090.13	1.3212	0.114249	8.64739	5564	914
1093.72	1.3212	0.114249	8.64739	5564	914
1097.24	1.3212	0.114249	8.64739	5564	914
1100.73	1.3212	0.114249	8.64739	5564	914
1104.36	1.3212	0.114249	8.64739	5564	914
1107.88	1.3212	0.114249	8.64739	5564	914
1111.37	1.3212	0.114249	8.64739	5564	914
1114.75	1.3212	0.114249	8.64739	5564	914
1121.2	1.3212	0.114249	8.64739	5564	914
1134.65	1.39136	0.115374	8.29217	3527	923
1143.73	1.39136	0.115374	8.29217	3528	923
1151.2	1.39136	0.115374	8.29217	3486	923
1155.3	1.39136	0.115374	8.29217	3486	923
1161.31	1.39136	0.115374	8.29217	3486	923
1167.06	1.39136	0.115374	8.29217	3486	923
1171.79	1.39136	0.115374	8.29217	3486	923
1201.64	1.39136	0.115374	8.29217	3486	923
1204.65	1.39136	0.115374	8.29217	3486	923
1211.42	1.39136	0.115374	8.29217	3486	923
1217.78	1.39136	0.115374	8.29217	3486	923
1223.14	1.39136	0.115374	8.29217	3486	923
1229	1.39136	0.115374	8.29217	3486	923
1234.71	1.39136	0.115374	8.29217	3486	923
1241.24	1.39136	0.115374	8.29217	3486	923
1247.69	1.39136	0.115374	8.29217	3486	923
1253.19	1.39136	0.115374	8.29217	3486	923
1259.31	1.39136	0.115374	8.29217	3486	923
1269.95	1.4083	0.132999	9.44398	5174	1064
1279.66	1.40852	0.134624	9.55783	5118	1077
1284.07	1.40852	0.134624	9.55783	5118	1077
1287.7	1.40852	0.134624	9.55783	5118	1077
1291.26	1.40852	0.134624	9.55783	5118	1077
1306.98	1.40864	0.134624	9.55702	3690	1077
1314.07	1.40864	0.134624	9.55702	3690	1077
1338.07	1.40864	0.134624	9.55702	3690	1077
1365.02	1.40864	0.134624	9.55702	3690	1077
1387.16	1.40864	0.134624	9.55702	3690	1077
1409.62	1.40864	0.134624	9.55702	3690	1077
1433.98	1.40864	0.134624	9.55702	3690	1077
1458.61	1.40864	0.134624	9.55702	3690	1077
1483.57	1.40864	0.134624	9.55702	3690	1077
1502.98	1.40864	0.134624	9.55702	3690	1077
