59.545	0.903427	0.02925	3.23767	921	234
68.558	0.904675	0.029375	3.24703	923	235
78.131	0.90471	0.029375	3.2469	923	235
87.94	0.90475	0.029375	3.24676	923	235
90.141	0.90475	0.029375	3.24676	923	235
92.302	0.90475	0.029375	3.24676	923	235
96.892	0.90475	0.029375	3.24676	923	235
100.965	0.90475	0.029375	3.24676	923	235
103.576	0.90475	0.029375	3.24676	923	235
107.787	0.90475	0.029375	3.24676	923	235
114.438	0.90475	0.029375	3.24676	923	235
122.582	0.90475	0.029375	3.24676	923	235
130.341	0.90475	0.029375	3.24676	923	235
136.496	0.90475	0.029375	3.24676	923	235
141.809	0.90475	0.029375	3.24676	923	235
147.389	0.90475	0.029375	3.24676	923	235
152.873	0.90475	0.029375	3.24676	923	235
158.409	0.90475	0.029375	3.24676	923	235
164.033	0.90475	0.029375	3.24676	923	235
169.218	0.90475	0.029375	3.24676	923	235
175.995	0.90475	0.029375	3.24676	923	235
180.482	0.90475	0.029375	3.24676	923	235
185.881	0.90475	0.029375	3.24676	923	235
191.156	0.90475	0.029375	3.24676	923	235
196.448	0.90475	0.029375	3.24676	923	235
201.512	0.90475	0.029375	3.24676	923	235
208.187	0.90475	0.029375	3.24676	923	235
209.585	0.90475	0.029375	3.24676	923	235
210.923	0.90475	0.029375	3.24676	923	235
212.23	0.90475	0.029375	3.24676	923	235
215.679	0.90475	0.029375	3.24676	923	235
222.377	0.90475	0.029375	3.24676	923	235
234.253	0.90475	0.029375	3.24676	923	235
247.195	0.922548	0.119124	12.9125	2059	953
265.203	0.922605	0.119249	12.9252	1859	954
283.726	0.922605	0.119249	12.9252	1859	954
303.068	0.922605	0.129874	14.0769	1915	1039
314.799	0.922605	0.129874	14.0769	1915	1039
324.726	0.922803	0.130624	14.1551	3585	1045
334.282	0.922804	0.130624	14.1551	2297	1045
345.02	0.922809	0.137624	14.9136	3447	1101
355.716	0.922809	0.137624	14.9136	3291	1101
366.508	0.922809	0.137624	14.9136	3321	1101
372.632	0.922809	0.137624	14.9136	3321	1101
378.56	0.922809	0.137624	14.9136	3321	1101
383.433	0.922809	0.137624	14.9136	3321	1101
393.991	0.922809	0.137624	14.9136	3321	1101
403.88	0.922809	0.137624	14.9136	3321	1101
416.558	0.922809	0.152125	16.485	3882	1217
429.131	0.922809	0.15225	16.4985	3764	1218
437.69	0.922809	0.15225	16.4985	3764	1218
447.263	0.922809	0.15225	16.4985	3764	1218
460.516	0.922809	0.15275	16.5527	3524	1222
473.89	0.922809	0.15275	16.5527	3524	1222
487.874	0.922809	0.15275	16.5527	3524	1222
498.198	0.922809	0.15275	16.5527	3524	1222
502.368	0.922809	0.15275	16.5527	3524	1222
509.789	0.922809	0.15275	16.5527	3524	1222
516.923	0.922809	0.15275	16.5527	3524	1222
524.169	0.922809	0.15275	16.5527	3524	1222
534.861	0.922809	0.15275	16.5527	3524	1222
548.659	0.922809	0.15275	16.5527	3467	1222
562.841	0.922809	0.15275	16.5527	3419	1222
570.298	0.922809	0.15275	16.5527	3419	1222
573.761	0.922809	0.15275	16.5527	3419	1222
578.84	0.922809	0.15275	16.5527	3419	1222
596.28	0.922809	0.15275	16.5527	3419	1222
619.076	0.922809	0.15275	16.5527	3419	1222
636.129	0.922809	0.15275	16.5527	3419	1222
642.333	0.922809	0.15275	16.5527	3419	1222
651.731	0.922809	0.15275	16.5527	3419	1222
660.933	0.922809	0.15275	16.5527	3419	1222
669.637	0.922809	0.15275	16.5527	3419	1222
675.061	0.922809	0.15275	16.5527	3795	1222
687.211	0.922809	0.15275	16.5527	3638	1222
694.07	0.922809	0.15275	16.5527	3638	1222
700.793	0.922809	0.15275	16.5527	3638	1222
705.899	0.922809	0.15275	16.5527	3638	1222
707.927	0.922809	0.15275	16.5527	3638	1222
709.831	0.922809	0.15275	16.5527	3638	1222
717.798	0.922809	0.15275	16.5527	3638	1222
730.231	0.922809	0.15275	16.5527	3638	1222
744.279	0.922809	0.15275	16.5527	3638	1222
758.517	0.922809	0.15275	16.5527	3638	1222
773.315	0.922809	0.15275	16.5527	3638	1222
793.024	0.922809	0.15275	16.5527	3949	1222
802.632	0.922809	0.15275	16.5527	3949	1222
811.265	0.922809	0.15275	16.5527	3949	1222
819.674	0.922809	0.15275	16.5527	3949	1222
828.22	0.922809	0.15275	16.5527	3949	1222
834.933	0.922809	0.15275	16.5527	3949	1222
840.624	0.922809	0.15275	16.5527	3949	1222
846.13	0.922809	0.15275	16.5527	3949	1222
851.543	0.922809	0.15275	16.5527	3949	1222
856.307	0.922809	0.15275	16.5527	3949	1222
861.095	0.922809	0.15275	16.5527	3949	1222
865.643	0.922809	0.15275	16.5527	3949	1222
878.869	0.922809	0.15275	16.5527	3949	1222
892.304	0.922809	0.15275	16.5527	3949	1222
902.572	0.922809	0.15275	16.5527	3949	1222
917.569	0.922809	0.15275	16.5527	3791	1222
922.318	0.922809	0.15275	16.5527	3791	1222
925.665	0.922809	0.15275	16.5527	3791	1222
929.238	0.922809	0.15275	16.5527	3791	1222
932.54	0.922809	0.15275	16.5527	3791	1222
936.026	0.922809	0.15275	16.5527	3791	1222
940.039	0.922809	0.15275	16.5527	3791	1222
946.475	0.922809	0.15275	16.5527	3791	1222
953.046	0.922809	0.15275	16.5527	3791	1222
959.676	0.922809	0.15275	16.5527	3791	1222
966.119	0.922809	0.15275	16.5527	3791	1222
972.692	0.922809	0.15275	16.5527	3791	1222
978.896	0.922809	0.15275	16.5527	3791	1222
985.474	0.922809	0.15275	16.5527	3791	1222
992.009	0.922809	0.15275	16.5527	3791	1222
998.516	0.922809	0.15275	16.5527	3791	1222
1004.82	0.922809	0.15275	16.5527	3791	1222
1011.1	0.922809	0.15275	16.5527	3791	1222
1029.81	0.922809	0.15275	16.5527	4070	1222
1052.25	0.922809	0.15275	16.5527	3664	1222
1060.72	0.922809	0.15275	16.5527	3664	1222
1064.24	0.922809	0.15275	16.5527	3664	1222
1068.12	0.922809	0.15275	16.5527	3664	1222
1071.97	0.922809	0.15275	16.5527	3664	1222
1075.73	0.922809	0.15275	16.5527	3664	1222
1079.26	0.922809	0.15275	16.5527	3664	1222
1083.05	0.922809	0.15275	16.5527	3664	1222
1086.63	0.922809	0.15275	16.5527	3664	1222
1090.25	0.922809	0.15275	16.5527	3664	1222
1093.84	0.922809	0.15275	16.5527	3664	1222
1097.36	0.922809	0.15275	16.5527	3664	1222
1100.85	0.922809	0.15275	16.5527	3664	1222
1104.47	0.922809	0.15275	16.5527	3664	1222
1108.02	0.922809	0.15275	16.5527	3664	1222
1111.49	0.922809	0.15275	16.5527	3664	1222
1114.89	0.922809	0.15275	16.5527	3664	1222
1121.32	0.922809	0.15275	16.5527	3664	1222
1134.77	0.922809	0.15275	16.5527	3890	1222
1143.85	0.922809	0.15275	16.5527	3666	1222
1151.32	0.922809	0.15275	16.5527	3659	1222
1155.41	0.922809	0.15275	16.5527	3659	1222
1161.43	0.922809	0.15275	16.5527	3659	1222
1167.19	0.922809	0.15275	16.5527	3659	1222
1171.92	0.922809	0.15275	16.5527	3659	1222
1201.75	0.922809	0.15275	16.5527	3659	1222
1204.77	0.922809	0.15275	16.5527	3659	1222
1211.54	0.922809	0.15275	16.5527	3659	1222
1217.89	0.922809	0.15275	16.5527	3659	1222
1223.24	0.922809	0.15275	16.5527	3659	1222
1229.12	0.922809	0.15275	16.5527	3659	1222
1234.82	0.922809	0.15275	16.5527	3659	1222
1241.36	0.922809	0.15275	16.5527	3659	1222
1247.82	0.922809	0.15275	16.5527	3659	1222
1253.31	0.922809	0.15275	16.5527	3659	1222
1259.42	0.922809	0.15275	16.5527	3659	1222
1270.11	0.922809	0.15275	16.5527	3659	1222
1279.83	0.922809	0.15275	16.5527	3659	1222
1284.25	0.922809	0.15275	16.5527	3659	1222
1287.86	0.922809	0.15275	16.5527	3659	1222
1291.42	0.922809	0.15275	16.5527	3659	1222
1307.15	0.922809	0.15275	16.5527	3659	1222
1314.23	0.922809	0.15275	16.5527	3659	1222
1338.23	0.922809	0.15275	16.5527	3659	1222
1365.18	0.922809	0.15275	16.5527	3659	1222
1387.33	0.922809	0.15275	16.5527	3659	1222
1409.78	0.922809	0.15275	16.5527	3659	1222
1434.13	0.922809	0.15275	16.5527	3659	1222
1458.78	0.922809	0.15275	16.5527	3659	1222
1483.72	0.922809	0.15275	16.5527	3659	1222
1502.98	0.922809	0.15275	16.5527	3659	1222
