222.471	0.00787859	0.004125	52.3571	63	33
234.347	0.00814268	0.004125	50.659	180	33
247.299	0.00814268	0.004125	50.659	180	33
265.317	0.00814268	0.004125	50.659	180	33
283.856	0.00814268	0.004125	50.659	180	33
303.204	0.00814268	0.004125	50.659	180	33
314.926	0.00814268	0.004125	50.659	180	33
324.879	0.00814268	0.004125	50.659	180	33
334.419	0.00814268	0.004125	50.659	180	33
345.161	0.00814268	0.004125	50.659	180	33
355.86	0.00814268	0.004125	50.659	180	33
366.659	0.00814268	0.004125	50.659	180	33
372.783	0.0151047	0.00475	31.4472	235	38
378.71	0.0151151	0.00475	31.4255	235	38
383.589	0.0151295	0.004875	32.2218	249	39
394.143	0.0185278	0.005	26.9864	236	40
404.019	0.0185292	0.005	26.9845	236	40
416.736	0.0185292	0.005	26.9845	236	40
429.313	0.0185292	0.005	26.9845	236	40
437.849	0.0185292	0.005	26.9845	236	40
447.427	0.0185292	0.005	26.9845	236	40
460.701	0.0190219	0.0055	28.914	208	44
474.078	0.0190219	0.0055	28.914	222	44
488.074	0.0190219	0.0055	28.914	222	44
498.41	0.0190219	0.0055	28.914	236	44
502.568	0.0190219	0.0055	28.914	236	44
509.981	0.0208624	0.006125	29.3591	261	49
517.115	0.0209684	0.006125	29.2106	261	49
524.358	0.0210721	0.00625	29.66	261	50
535.056	0.0213002	0.00625	29.3425	219	50
548.859	0.0213002	0.00625	29.3425	219	50
563.048	0.0213002	0.00625	29.3425	219	50
570.502	0.0213002	0.00625	29.3425	219	50
573.944	0.0213002	0.00625	29.3425	219	50
579.02	0.0213002	0.00625	29.3425	219	50
596.475	0.0213002	0.00625	29.3425	219	50
619.296	0.0213002	0.00625	29.3425	212	50
636.408	0.0213211	0.00625	29.3136	233	50
642.591	0.0213211	0.00625	29.3136	233	50
651.956	0.0213228	0.0065	30.4838	226	52
661.177	0.0213274	0.0065	30.4771	226	52
669.86	0.0213274	0.0065	30.4771	233	52
675.272	0.0213274	0.0065	30.4771	233	52
687.428	0.0213274	0.0065	30.4771	233	52
694.282	0.0213274	0.0065	30.4771	233	52
701.026	0.0213274	0.0065	30.4771	233	52
706.13	0.0213274	0.0065	30.4771	233	52
708.157	0.0213274	0.0065	30.4771	233	52
710.072	0.0213274	0.0065	30.4771	233	52
718.034	0.0213274	0.0065	30.4771	233	52
730.442	0.0213274	0.0065	30.4771	233	52
744.483	0.0213274	0.0065	30.4771	233	52
758.737	0.0213274	0.0065	30.4771	233	52
773.526	0.0213274	0.0065	30.4771	233	52
793.285	0.0213276	0.0065	30.4769	219	52
802.923	0.0213301	0.0065	30.4733	240	52
811.576	0.0213302	0.0065	30.4732	233	52
819.978	0.0213306	0.0065	30.4727	233	52
828.481	0.0213306	0.0065	30.4727	233	52
835.195	0.0213306	0.0065	30.4727	233	52
840.866	0.0213306	0.0065	30.4727	233	52
846.42	0.0213306	0.0065	30.4727	233	52
851.773	0.0213306	0.0065	30.4727	233	52
856.544	0.0213306	0.0065	30.4727	233	52
861.339	0.0213306	0.0065	30.4727	233	52
865.866	0.0213306	0.0065	30.4727	233	52
879.092	0.0213306	0.0065	30.4727	233	52
892.522	0.0213306	0.0065	30.4727	233	52
902.822	0.021471	0.006625	30.8556	276	53
917.817	0.021471	0.006625	30.8556	276	53
922.572	0.021471	0.006625	30.8556	276	53
925.922	0.021471	0.006625	30.8556	276	53
929.489	0.021471	0.006625	30.8556	276	53
932.805	0.021471	0.006625	30.8556	276	53
936.268	0.021471	0.006625	30.8556	276	53
940.286	0.021471	0.006625	30.8556	276	53
946.732	0.021471	0.006625	30.8556	276	53
953.301	0.021471	0.006625	30.8556	276	53
959.924	0.021471	0.006625	30.8556	276	53
966.378	0.021471	0.006625	30.8556	276	53
972.936	0.021471	0.006625	30.8556	276	53
979.141	0.021471	0.006625	30.8556	276	53
985.725	0.021471	0.006625	30.8556	276	53
992.244	0.021471	0.006625	30.8556	276	53
998.752	0.021471	0.006625	30.8556	276	53
1005.05	0.021471	0.006625	30.8556	276	53
1011.33	0.021471	0.006625	30.8556	276	53
1030.09	0.021471	0.006625	30.8556	213	53
1052.58	0.021471	0.006625	30.8556	227	53
1061.06	0.021471	0.006625	30.8556	241	53
1064.56	0.021471	0.006625	30.8556	241	53
1068.46	0.021471	0.006625	30.8556	241	53
1072.29	0.021471	0.006625	30.8556	241	53
1076.04	0.021471	0.006625	30.8556	241	53
1079.62	0.021471	0.006625	30.8556	241	53
1083.37	0.021471	0.006625	30.8556	241	53
1086.95	0.021471	0.006625	30.8556	241	53
1090.56	0.021471	0.006625	30.8556	241	53
1094.15	0.021471	0.006625	30.8556	241	53
1097.67	0.021471	0.006625	30.8556	241	53
1101.16	0.021471	0.006625	30.8556	241	53
1104.79	0.021471	0.006625	30.8556	241	53
1108.33	0.021471	0.006625	30.8556	241	53
1111.81	0.021471	0.006625	30.8556	241	53
1115.19	0.021471	0.006625	30.8556	241	53
1121.61	0.021471	0.006625	30.8556	241	53
1135.08	0.021471	0.006625	30.8556	241	53
1144.16	0.021471	0.006625	30.8556	241	53
1151.59	0.021471	0.006625	30.8556	241	53
1155.68	0.021471	0.006625	30.8556	241	53
1161.7	0.021471	0.006625	30.8556	241	53
1167.44	0.021471	0.006625	30.8556	241	53
1172.19	0.021471	0.006625	30.8556	241	53
1202.01	0.021471	0.006625	30.8556	241	53
1205.02	0.021471	0.006625	30.8556	241	53
1211.79	0.021471	0.006625	30.8556	241	53
1218.14	0.021471	0.006625	30.8556	241	53
1223.49	0.021471	0.006625	30.8556	241	53
1229.37	0.021471	0.006625	30.8556	241	53
1235.09	0.021471	0.006625	30.8556	241	53
1241.61	0.021471	0.006625	30.8556	241	53
1248.07	0.021471	0.006625	30.8556	241	53
1253.55	0.021471	0.006625	30.8556	241	53
1259.68	0.021471	0.006625	30.8556	241	53
1270.37	0.021471	0.006625	30.8556	241	53
1280.1	0.021471	0.006625	30.8556	241	53
1284.52	0.021471	0.006625	30.8556	241	53
1288.15	0.021471	0.006625	30.8556	241	53
1291.7	0.021471	0.006625	30.8556	241	53
1307.43	0.0214828	0.006625	30.8387	246	53
1314.5	0.0214828	0.006625	30.8387	218	53
1338.52	0.0214828	0.006625	30.8387	318	53
1365.45	0.0214828	0.006625	30.8387	318	53
1387.63	0.0214828	0.006625	30.8387	318	53
1410.07	0.0214828	0.006625	30.8387	318	53
1434.43	0.0214828	0.006625	30.8387	318	53
1459.08	0.0214828	0.006625	30.8387	318	53
1484.02	0.0214828	0.006625	30.8387	318	53
1502.98	0.0214828	0.006625	30.8387	318	53
