16.074	0.0646087	0.015625	24.1841	403	125
28.333	0.0653029	0.015625	23.927	333	125
114.466	0.0433965	0.010625	24.4835	65	85
122.61	0.0433971	0.010625	24.4832	65	85
130.37	0.0438921	0.010625	24.2071	65	85
136.529	0.0438921	0.010625	24.2071	65	85
141.844	0.0438921	0.010625	24.2071	65	85
147.418	0.0438921	0.010625	24.2071	65	85
152.904	0.0438921	0.010625	24.2071	65	85
158.443	0.0438921	0.010625	24.2071	65	85
164.063	0.0438921	0.010625	24.2071	65	85
169.251	0.0438921	0.010625	24.2071	65	85
176.029	0.0438921	0.010625	24.2071	65	85
180.516	0.0438921	0.010625	24.2071	65	85
185.915	0.0438921	0.010625	24.2071	65	85
191.183	0.0438921	0.010625	24.2071	65	85
196.481	0.0438921	0.010625	24.2071	65	85
201.543	0.0438921	0.010625	24.2071	65	85
208.227	0.0532571	0.01375	25.8181	89	110
209.617	0.0532571	0.01375	25.8181	89	110
210.967	0.0532571	0.01375	25.8181	89	110
212.265	0.0532571	0.01375	25.8181	89	110
215.715	0.0534661	0.01375	25.7173	89	110
222.412	0.0681017	0.014875	21.8424	124	119
234.284	0.0683205	0.01525	22.3213	228	122
247.238	0.0683205	0.01525	22.3213	228	122
265.259	0.0683205	0.01525	22.3213	228	122
283.8	0.0683205	0.01525	22.3213	228	122
303.135	0.0683205	0.01525	22.3213	228	122
314.868	0.0683205	0.01525	22.3213	228	122
324.816	0.0683205	0.01525	22.3213	228	122
334.36	0.0683205	0.01525	22.3213	228	122
345.098	0.0683205	0.01525	22.3213	228	122
355.795	0.0683205	0.01525	22.3213	228	122
366.591	0.0683205	0.01525	22.3213	228	122
372.712	0.0688207	0.018125	26.3366	193	145
378.646	0.0688207	0.018125	26.3366	193	145
383.522	0.0688207	0.018125	26.3366	193	145
394.076	0.0688354	0.021	30.5076	220	168
403.964	0.0688354	0.021	30.5076	220	168
416.665	0.0688354	0.021	30.5076	220	168
429.251	0.0688354	0.021	30.5076	220	168
437.791	0.0688354	0.021	30.5076	220	168
447.369	0.0688354	0.021	30.5076	220	168
460.636	0.0688354	0.021375	31.0524	220	171
473.998	0.0688354	0.021375	31.0524	220	171
487.987	0.0688354	0.021375	31.0524	220	171
498.331	0.0688354	0.021375	31.0524	220	171
502.472	0.0688354	0.021375	31.0524	220	171
509.9	0.0688354	0.021375	31.0524	206	171
517.034	0.0688354	0.021375	31.0524	206	171
524.288	0.0688354	0.021375	31.0524	206	171
534.983	0.0688354	0.021375	31.0524	259	171
548.783	0.0688354	0.021375	31.0524	259	171
562.976	0.0688354	0.021375	31.0524	259	171
570.425	0.0688354	0.021375	31.0524	259	171
573.873	0.0688354	0.021375	31.0524	259	171
578.951	0.0688354	0.021375	31.0524	259	171
596.398	0.0688354	0.021375	31.0524	259	171
619.189	0.0688354	0.021375	31.0524	244	171
636.261	0.0688354	0.026625	38.6793	253	213
642.456	0.0688354	0.026625	38.6793	253	213
651.856	0.0688364	0.026625	38.6787	253	213
661.086	0.0688367	0.026625	38.6785	253	213
669.778	0.0688367	0.026625	38.6785	253	213
675.186	0.0688367	0.026625	38.6785	253	213
687.348	0.0688367	0.026625	38.6785	253	213
694.204	0.0688367	0.026625	38.6785	253	213
700.942	0.0688367	0.026625	38.6785	253	213
706.042	0.0688367	0.026625	38.6785	253	213
708.077	0.0688367	0.026625	38.6785	253	213
709.987	0.0688367	0.026625	38.6785	253	213
717.94	0.0688367	0.026625	38.6785	253	213
730.365	0.0688367	0.026625	38.6785	253	213
744.412	0.0688367	0.026625	38.6785	253	213
758.657	0.0688367	0.026625	38.6785	253	213
773.443	0.0688367	0.026625	38.6785	253	213
793.183	0.0688367	0.026625	38.6785	253	213
802.795	0.0688367	0.026625	38.6785	253	213
811.432	0.0688367	0.026625	38.6785	253	213
819.838	0.0688367	0.026625	38.6785	253	213
828.376	0.0688367	0.026625	38.6785	253	213
835.092	0.0688367	0.026625	38.6785	253	213
840.777	0.0688367	0.026625	38.6785	253	213
846.309	0.0688367	0.026625	38.6785	253	213
851.696	0.0688367	0.026625	38.6785	253	213
856.462	0.0688367	0.026625	38.6785	253	213
861.254	0.0688367	0.026625	38.6785	253	213
865.79	0.0688367	0.026625	38.6785	253	213
879.015	0.0688367	0.026625	38.6785	253	213
892.448	0.0688367	0.026625	38.6785	253	213
902.751	0.0688367	0.026625	38.6785	253	213
917.747	0.0688367	0.026625	38.6785	253	213
922.502	0.0688367	0.026625	38.6785	253	213
925.854	0.0688367	0.026625	38.6785	253	213
929.425	0.0688367	0.026625	38.6785	253	213
932.738	0.0688367	0.026625	38.6785	253	213
936.204	0.0688367	0.026625	38.6785	253	213
940.217	0.0688367	0.026625	38.6785	253	213
946.661	0.0688367	0.026625	38.6785	253	213
953.236	0.0688367	0.026625	38.6785	253	213
959.858	0.0688367	0.026625	38.6785	253	213
966.304	0.0688367	0.026625	38.6785	253	213
972.87	0.0688367	0.026625	38.6785	253	213
979.077	0.0688367	0.026625	38.6785	253	213
985.659	0.0688367	0.026625	38.6785	253	213
992.178	0.0688367	0.026625	38.6785	253	213
998.691	0.0688367	0.026625	38.6785	253	213
1004.98	0.0688367	0.026625	38.6785	253	213
1011.27	0.0688367	0.026625	38.6785	253	213
1030.01	0.068837	0.026625	38.6784	253	213
1052.45	0.068837	0.026625	38.6784	253	213
1060.93	0.0688393	0.026625	38.6771	253	213
1064.43	0.0688393	0.026625	38.6771	253	213
1068.33	0.0688393	0.026625	38.6771	253	213
1072.16	0.0688393	0.026625	38.6771	253	213
1075.92	0.0688393	0.026625	38.6771	253	213
1079.49	0.0688393	0.026625	38.6771	253	213
1083.26	0.0688393	0.026625	38.6771	253	213
1086.83	0.0688393	0.026625	38.6771	253	213
1090.44	0.0688393	0.026625	38.6771	253	213
1094.03	0.0688393	0.026625	38.6771	253	213
1097.56	0.0688393	0.026625	38.6771	253	213
1101.05	0.0688393	0.026625	38.6771	253	213
1104.68	0.0688393	0.026625	38.6771	253	213
1108.21	0.0688393	0.026625	38.6771	253	213
1111.69	0.0688393	0.026625	38.6771	253	213
1115.08	0.0688393	0.026625	38.6771	253	213
1121.49	0.0688393	0.026625	38.6771	253	213
1134.96	0.0688393	0.026625	38.6771	567	213
1144.04	0.0688393	0.026625	38.6771	567	213
1151.48	0.0688393	0.026625	38.6771	567	213
1155.57	0.0688393	0.026625	38.6771	567	213
1161.58	0.0688393	0.026625	38.6771	567	213
1167.34	0.0688393	0.026625	38.6771	567	213
1172.08	0.0688393	0.026625	38.6771	567	213
1201.91	0.0688393	0.026625	38.6771	567	213
1204.92	0.0688393	0.026625	38.6771	567	213
1211.68	0.0688393	0.026625	38.6771	567	213
1218.04	0.0688393	0.026625	38.6771	567	213
1223.39	0.0688393	0.026625	38.6771	567	213
1229.27	0.0688393	0.026625	38.6771	567	213
1234.97	0.0688393	0.026625	38.6771	567	213
1241.51	0.0688393	0.026625	38.6771	567	213
1247.96	0.0688393	0.026625	38.6771	567	213
1253.45	0.0688393	0.026625	38.6771	567	213
1259.57	0.0688393	0.026625	38.6771	567	213
1270.26	0.0688393	0.026625	38.6771	567	213
1279.98	0.0688393	0.026625	38.6771	567	213
1284.41	0.0688393	0.026625	38.6771	567	213
1288.04	0.0688393	0.026625	38.6771	567	213
1291.59	0.0688393	0.026625	38.6771	567	213
1307.33	0.0688393	0.02725	39.585	616	218
1314.4	0.0688393	0.02725	39.585	649	218
1338.4	0.0688393	0.02725	39.585	706	218
1365.34	0.0688393	0.02725	39.585	706	218
1387.49	0.0688393	0.02725	39.585	706	218
1409.94	0.0688393	0.02725	39.585	706	218
1434.3	0.0688393	0.02725	39.585	706	218
1458.95	0.0688393	0.02725	39.585	706	218
1483.9	0.0688393	0.02725	39.585	706	218
1502.98	0.0688393	0.02725	39.585	706	218
