247.373	0.65604	0.02975	4.53479	417	238
265.409	0.660201	0.030375	4.60088	458	243
283.932	0.660203	0.030375	4.60086	458	243
303.284	0.661139	0.030375	4.59435	473	243
315.002	0.921991	0.0454999	4.93496	1496	364
324.958	0.921991	0.0454999	4.93496	1496	364
334.491	0.921991	0.0454999	4.93496	1496	364
345.237	0.921991	0.0454999	4.93496	1496	364
355.939	0.921991	0.0454999	4.93496	1496	364
366.741	0.921991	0.0454999	4.93496	1496	364
372.868	0.921991	0.0454999	4.93496	1496	364
378.787	0.921991	0.0454999	4.93496	1496	364
383.662	0.921991	0.0454999	4.93496	1496	364
394.223	0.921991	0.0454999	4.93496	1496	364
404.093	0.921991	0.0454999	4.93496	1496	364
416.806	0.921991	0.0454999	4.93496	1496	364
429.38	0.921991	0.0454999	4.93496	1496	364
437.92	0.921991	0.0644996	6.99569	1904	516
447.491	0.921992	0.0751245	8.14807	1801	601
460.784	0.921992	0.0751245	8.14807	1801	601
474.158	0.921992	0.0751245	8.14807	1801	601
488.165	0.921992	0.0751245	8.14807	1801	601
498.497	0.921992	0.0751245	8.14807	1801	601
502.653	0.921992	0.0751245	8.14807	1801	601
510.065	0.921992	0.0751245	8.14807	1801	601
517.194	0.921992	0.0751245	8.14807	1801	601
524.441	0.921992	0.0751245	8.14807	1801	601
535.131	0.921992	0.0751245	8.14807	1801	601
548.939	0.921992	0.0767495	8.32431	2044	614
563.128	0.922149	0.0794994	8.6211	1910	636
570.584	0.922181	0.0798744	8.66147	2051	639
574.022	0.922522	0.0824994	8.94281	2316	660
579.101	0.922522	0.0847494	9.1867	2581	678
596.586	0.922522	0.0929992	10.081	2770	744
619.451	0.922522	0.0936242	10.1487	2689	749
636.578	0.922522	0.0936242	10.1487	2689	749
642.757	0.922522	0.0936242	10.1487	2689	749
652.125	0.922522	0.0936242	10.1487	2689	749
661.338	0.922522	0.0936242	10.1487	2689	749
670.019	0.922522	0.0936242	10.1487	2689	749
675.408	0.922522	0.0936242	10.1487	2689	749
687.566	0.922561	0.0971242	10.5277	2865	777
694.426	0.922561	0.0971242	10.5277	2833	777
701.172	0.922561	0.0971242	10.5277	2784	777
706.273	0.922561	0.0971242	10.5277	2782	777
708.304	0.922561	0.0971242	10.5277	2774	777
710.215	0.922561	0.0971242	10.5277	2784	777
718.181	0.922561	0.0971242	10.5277	2784	777
730.593	0.922676	0.105374	11.4205	3133	843
744.642	0.922733	0.108624	11.772	3367	869
758.9	0.922751	0.108624	11.7718	3226	869
773.68	0.922788	0.108624	11.7713	3237	869
793.465	0.922788	0.108624	11.7713	3301	869
803.107	0.922788	0.108624	11.7713	3301	869
811.798	0.922788	0.108624	11.7713	3301	869
820.19	0.922788	0.108624	11.7713	3301	869
828.61	0.922788	0.108624	11.7713	3301	869
835.323	0.922788	0.108624	11.7713	3301	869
840.98	0.922788	0.108624	11.7713	3301	869
846.563	0.922788	0.108624	11.7713	3301	869
851.875	0.922788	0.108624	11.7713	3301	869
856.65	0.922788	0.108624	11.7713	3301	869
861.438	0.922788	0.108624	11.7713	3301	869
865.967	0.922788	0.108624	11.7713	3301	869
879.193	0.922788	0.110749	12.0016	3746	886
892.628	0.922788	0.113874	12.3402	3590	911
902.923	0.922788	0.113874	12.3402	3590	911
917.915	0.922788	0.113874	12.3402	3436	883
922.675	0.922788	0.113874	12.3402	3536	883
926.023	0.922788	0.113874	12.3402	3483	883
929.612	0.922792	0.113874	12.3402	3483	883
932.908	0.922792	0.113874	12.3402	3483	883
936.373	0.922792	0.113874	12.3402	3483	883
940.385	0.922792	0.113874	12.3402	3599	883
946.84	0.922792	0.113874	12.3402	3599	883
953.402	0.922792	0.113874	12.3402	3599	883
960.025	0.922792	0.113874	12.3402	3599	883
966.482	0.922792	0.113874	12.3402	3599	883
973.039	0.922792	0.113874	12.3402	3599	883
979.261	0.922792	0.113874	12.3402	3599	883
985.823	0.922792	0.113874	12.3402	3599	883
992.349	0.922792	0.113874	12.3402	3599	883
998.852	0.922792	0.113874	12.3402	3599	883
1005.15	0.922792	0.113874	12.3402	3599	883
1011.42	0.922792	0.113874	12.3402	3599	883
1030.21	0.922792	0.113874	12.3402	3599	883
1052.7	0.922792	0.113874	12.3402	3599	883
1061.19	0.922792	0.113874	12.3402	3599	883
1064.68	0.922792	0.113874	12.3402	3599	883
1068.59	0.922792	0.113874	12.3402	3599	883
1072.42	0.922792	0.113874	12.3402	3599	883
1076.18	0.922792	0.113874	12.3402	3599	883
1079.78	0.922792	0.113874	12.3402	3599	883
1083.51	0.922792	0.113874	12.3402	3599	883
1087.09	0.922792	0.113874	12.3402	3599	883
1090.7	0.922792	0.113874	12.3402	3599	883
1094.29	0.922792	0.113874	12.3402	3599	883
1097.8	0.922792	0.113874	12.3402	3599	883
1101.29	0.922792	0.113874	12.3402	3599	883
1104.92	0.922792	0.113874	12.3402	3599	883
1108.45	0.922792	0.113874	12.3402	3599	883
1111.95	0.922792	0.113874	12.3402	3599	883
1115.32	0.922792	0.113874	12.3402	3599	883
1121.74	0.922792	0.113874	12.3402	3599	883
1135.21	0.922792	0.113874	12.3402	3599	883
1144.29	0.922792	0.113874	12.3402	3599	883
1151.73	0.922792	0.113874	12.3402	3599	883
1155.8	0.922792	0.113874	12.3402	3599	883
1161.83	0.922792	0.113874	12.3402	3599	883
1167.6	0.922792	0.113874	12.3402	3599	883
1172.33	0.922792	0.113874	12.3402	3599	883
1202.14	0.922792	0.113874	12.3402	3599	883
1205.15	0.922792	0.113874	12.3402	3599	883
1211.92	0.922792	0.113874	12.3402	3599	883
1218.28	0.922792	0.113874	12.3402	3599	883
1223.62	0.922792	0.113874	12.3402	3599	883
1229.5	0.922792	0.113874	12.3402	3599	883
1235.22	0.922792	0.113874	12.3402	3599	883
1241.73	0.922792	0.113874	12.3402	3599	883
1248.19	0.922792	0.113874	12.3402	3599	883
1253.69	0.922792	0.113874	12.3402	3599	883
1259.8	0.922792	0.113874	12.3402	3599	883
1270.52	0.922792	0.113874	12.3402	3599	883
1280.22	0.922792	0.113874	12.3402	3599	883
1284.67	0.922792	0.113874	12.3402	3599	883
1288.28	0.922792	0.113874	12.3402	3599	883
1291.83	0.922792	0.113874	12.3402	3599	883
1307.57	0.922792	0.113874	12.3402	3599	883
1314.64	0.922792	0.113874	12.3402	3599	883
1338.69	0.922792	0.113874	12.3402	3599	883
1365.63	0.922792	0.113874	12.3402	3599	883
1387.8	0.922792	0.113874	12.3402	3599	883
1410.24	0.922792	0.113874	12.3402	3599	883
1434.6	0.922792	0.113874	12.3402	3599	883
1459.26	0.922792	0.113874	12.3402	3599	883
1484.21	0.922792	0.113874	12.3402	3599	883
1502.98	0.922792	0.113874	12.3402	3599	883
