14.846	0.000359182	0.000875	243.609	88	7
32.177	0.000359182	0.000875	243.609	88	7
49.567	0.000359182	0.000875	243.609	88	7
65.959	0.000359182	0.000875	243.609	88	7
73.882	0.000359182	0.000875	243.609	88	7
87.053	0.000359182	0.000875	243.609	88	7
101.76	0.000359182	0.000875	243.609	88	7
109.899	0.0161823	0.000875	5.40716	130	7
118.517	0.0163832	0.00125	7.62976	166	10
127.066	0.0165216	0.00125	7.56587	178	10
129.404	0.0165216	0.00125	7.56587	178	10
132.299	0.0165216	0.00125	7.56587	178	10
136.095	0.0165216	0.00125	7.56587	178	10
139.188	0.0165216	0.00125	7.56587	178	10
142.169	0.0165216	0.00125	7.56587	178	10
144.757	0.0165216	0.00125	7.56587	178	10
148.639	0.0165216	0.00125	7.56587	178	10
155.529	0.0165216	0.00125	7.56587	178	10
157.385	0.0165216	0.00125	7.56587	178	10
161.041	0.0165216	0.00125	7.56587	178	10
165.448	0.0165216	0.00125	7.56587	178	10
169.785	0.0165216	0.00125	7.56587	178	10
174.164	0.0165216	0.00125	7.56587	178	10
178.806	0.0165216	0.00125	7.56587	178	10
184.196	0.0165216	0.00125	7.56587	178	10
188.502	0.0165216	0.00125	7.56587	178	10
192.477	0.0165216	0.00125	7.56587	178	10
196.608	0.0165216	0.00125	7.56587	178	10
200.831	0.0165216	0.00125	7.56587	178	10
203.198	0.0165216	0.00125	7.56587	178	10
203.198	0.0165216	0.00125	7.56587	178	10
