35.885	0.0212709	0.00425	19.9803	54	34
50.707	0.0212963	0.00425	19.9565	54	34
66.822	0.0213248	0.00425	19.9299	67	34
84.509	0.0213498	0.00425	19.9065	67	34
102.68	0.0213501	0.00425	19.9062	67	34
121.188	0.021382	0.00425	19.8765	67	34
139.885	0.0214145	0.00425	19.8464	67	34
148.242	0.0214145	0.00425	19.8464	67	34
159.071	0.0214145	0.00425	19.8464	67	34
170.808	0.0214145	0.00425	19.8464	67	34
181.663	0.0214145	0.00425	19.8464	67	34
192.749	0.0214145	0.00425	19.8464	67	34
204.18	0.0214145	0.00425	19.8464	67	34
207.06	0.0214145	0.00425	19.8464	67	34
210.413	0.0214145	0.00425	19.8464	67	34
213.179	0.0214145	0.00425	19.8464	67	34
215.806	0.0214145	0.00425	19.8464	67	34
219.294	0.0214145	0.00425	19.8464	67	34
222.29	0.0214145	0.00425	19.8464	67	34
225.059	0.0214145	0.00425	19.8464	67	34
228.027	0.0214145	0.00425	19.8464	67	34
233.437	0.0214145	0.00425	19.8464	67	34
238.518	0.0214145	0.00425	19.8464	67	34
243.171	0.0214145	0.00425	19.8464	67	34
244.579	0.0214145	0.00425	19.8464	67	34
246.416	0.0214145	0.00425	19.8464	67	34
250.05	0.0214145	0.00425	19.8464	67	34
260.474	0.0214145	0.00425	19.8464	67	34
272.981	0.0214145	0.00425	19.8464	67	34
286.449	0.0214145	0.00425	19.8464	67	34
288.84	0.0214145	0.00425	19.8464	67	34
291.129	0.0214145	0.00425	19.8464	67	34
297.398	0.0214145	0.00425	19.8464	67	34
311.069	0.0214145	0.00425	19.8464	67	34
324.364	0.0214145	0.00425	19.8464	67	34
333.731	0.0214145	0.00425	19.8464	67	34
350.761	0.920226	0.009	0.97802	172	72
366.732	0.920319	0.0396249	4.30557	2108	317
383.007	0.920319	0.0396249	4.30557	1303	317
394.529	0.920319	0.0396249	4.30557	1303	317
398.575	0.920319	0.0396249	4.30557	1303	317
402.167	0.920319	0.0396249	4.30557	1303	317
406.033	0.920319	0.0396249	4.30557	1303	317
409.861	0.920319	0.0396249	4.30557	1303	317
413.244	0.920319	0.0396249	4.30557	1303	317
417.059	0.920319	0.0396249	4.30557	1303	317
420.879	0.920319	0.0396249	4.30557	1303	317
424.541	0.920319	0.0396249	4.30557	1303	317
428.207	0.920319	0.0396249	4.30557	1303	317
431.983	0.920319	0.0396249	4.30557	1303	317
435.264	0.920319	0.0396249	4.30557	1303	317
438.606	0.920319	0.0396249	4.30557	1303	317
442.298	0.920319	0.0396249	4.30557	1303	317
445.979	0.920319	0.0396249	4.30557	1303	317
449.699	0.920319	0.0396249	4.30557	1303	317
453.474	0.920319	0.0396249	4.30557	1303	317
457.251	0.920319	0.0396249	4.30557	1303	317
460.552	0.920319	0.0396249	4.30557	1303	317
463.81	0.920319	0.0396249	4.30557	1303	317
471.89	0.920319	0.0396249	4.30557	1303	317
487.957	0.920319	0.0396249	4.30557	1303	317
495.692	0.920319	0.0396249	4.30557	1303	317
502.671	0.920319	0.0396249	4.30557	1303	317
508.669	0.920319	0.0396249	4.30557	1303	317
514.453	0.920319	0.0396249	4.30557	1303	317
520.262	0.920319	0.0396249	4.30557	1303	317
526.028	0.920319	0.0396249	4.30557	1303	317
532.354	0.920319	0.0396249	4.30557	1303	317
538.756	0.920319	0.0396249	4.30557	1303	317
545.072	0.920319	0.0396249	4.30557	1303	317
551.583	0.920319	0.0396249	4.30557	1303	317
557.664	0.920319	0.0396249	4.30557	1303	317
563.728	0.920319	0.0396249	4.30557	1303	317
570.038	0.920319	0.0396249	4.30557	1303	317
576.172	0.920319	0.0396249	4.30557	1303	317
582.243	0.920319	0.0396249	4.30557	1303	317
587.993	0.920319	0.0396249	4.30557	1303	317
593.665	0.920319	0.0396249	4.30557	1303	317
603.116	0.920319	0.0396249	4.30557	1303	317
613.23	0.920319	0.0396249	4.30557	1303	317
622.894	0.920319	0.0396249	4.30557	1303	317
632.866	0.920319	0.0396249	4.30557	1303	317
642.857	0.920319	0.0396249	4.30557	1303	317
653.244	0.920319	0.0396249	4.30557	1303	317
664.944	0.920319	0.0396249	4.30557	1303	317
676.2	0.920319	0.0396249	4.30557	1303	317
687.782	0.920319	0.0396249	4.30557	1303	317
699.36	0.920319	0.0396249	4.30557	1303	317
710.664	0.920319	0.0396249	4.30557	1303	317
722.296	0.920319	0.0396249	4.30557	1303	317
734.196	0.920319	0.0396249	4.30557	1303	317
745.914	0.920319	0.0396249	4.30557	1303	317
769.154	0.920373	0.0554997	6.03014	1559	444
793.126	0.920374	0.0617496	6.70919	1496	494
815.562	0.920374	0.0621246	6.74994	1492	497
828.177	0.920374	0.0621246	6.74994	1492	497
840.164	0.920374	0.0621246	6.74994	1492	497
852.899	0.920374	0.0621246	6.74994	1492	497
865.672	0.920374	0.0621246	6.74994	1492	497
878.474	0.920374	0.0621246	6.74994	1492	497
890.983	0.920374	0.0621246	6.74994	1492	497
903.973	0.920374	0.0621246	6.74994	1492	497
914.322	0.920374	0.0621246	6.74994	1492	497
925.23	0.920374	0.0621246	6.74994	1492	497
936.042	0.920374	0.0621246	6.74994	1492	497
946.305	0.920374	0.0621246	6.74994	1492	497
957.067	0.920374	0.0621246	6.74994	1492	497
976.572	0.920374	0.0621246	6.74994	1492	497
993.597	0.920374	0.0621246	6.74994	1492	497
1010.88	0.920374	0.0647496	7.03514	1462	518
1028.01	0.921796	0.0656246	7.11921	1486	525
1045.46	0.921796	0.0656246	7.11921	1486	525
1059.17	0.921796	0.0656246	7.11921	1486	525
1068.02	0.922663	0.102874	11.1497	2715	823
1080.18	0.922663	0.102874	11.1497	2462	823
1088.17	0.922678	0.106124	11.5017	2666	849
1103.19	0.922678	0.106124	11.5017	2666	849
1115.97	0.922678	0.106124	11.5017	2666	849
1129.85	0.922678	0.106124	11.5017	2666	849
1143.15	0.922678	0.106124	11.5017	2666	849
1157.14	0.922678	0.106124	11.5017	2666	849
1167.25	0.922678	0.106124	11.5017	2666	849
1174.35	0.922678	0.106124	11.5017	2666	849
1177.6	0.922678	0.106124	11.5017	2666	849
1181.32	0.922678	0.106124	11.5017	2666	849
1185.88	0.922678	0.106124	11.5017	2666	849
1190.18	0.922678	0.106124	11.5017	2666	849
1194.68	0.922678	0.106124	11.5017	2666	849
1197.93	0.922678	0.106124	11.5017	2666	849
1203.77	0.922678	0.106124	11.5017	2666	849
1219.89	0.922678	0.106124	11.5017	2666	849
1225.71	0.922678	0.106124	11.5017	2666	849
1230.87	0.922678	0.106124	11.5017	2666	849
1236.87	0.922678	0.106124	11.5017	2666	849
1241.99	0.922678	0.106124	11.5017	2666	849
1248.56	0.922678	0.106124	11.5017	2666	849
1254.15	0.922678	0.106124	11.5017	2666	849
1259.76	0.922678	0.106124	11.5017	2666	849
1266.5	0.922678	0.106124	11.5017	2666	849
1273.14	0.922678	0.106124	11.5017	2666	849
1279.84	0.922678	0.106124	11.5017	2666	849
1286.51	0.922678	0.106124	11.5017	2666	849
1291.72	0.922678	0.106124	11.5017	2666	849
1297.44	0.922678	0.106124	11.5017	2666	849
1303.2	0.922678	0.106124	11.5017	2666	849
1308.56	0.922678	0.106124	11.5017	2666	849
1314.85	0.922678	0.106124	11.5017	2666	849
1321.53	0.922678	0.106124	11.5017	2666	849
1326.88	0.922678	0.106124	11.5017	2666	849
1332.73	0.922678	0.106124	11.5017	2666	849
1338.34	0.922678	0.106124	11.5017	2666	849
1343.94	0.922678	0.106124	11.5017	2666	849
1350.67	0.922678	0.106124	11.5017	2666	849
1355.94	0.922678	0.106124	11.5017	2666	849
1368.65	0.922678	0.106124	11.5017	2666	849
1372.92	0.922678	0.106124	11.5017	2666	849
1375.69	0.922678	0.106124	11.5017	2666	849
1378.31	0.922678	0.106124	11.5017	2666	849
1379.63	0.922678	0.106124	11.5017	2666	849
1381.94	0.922678	0.106124	11.5017	2666	849
1397.04	0.922678	0.106124	11.5017	2666	849
1404.54	0.922678	0.106124	11.5017	2666	849
1412.1	0.922678	0.106124	11.5017	2666	849
1420.11	0.922678	0.106124	11.5017	2666	849
1428.45	0.922678	0.106124	11.5017	2666	849
1436.1	0.922678	0.106124	11.5017	2666	849
1444.54	0.922678	0.106124	11.5017	2666	849
1460.58	0.922678	0.106124	11.5017	2666	849
1480.52	0.922678	0.106124	11.5017	2666	849
1488.46	0.922681	0.106249	11.5153	2735	850
1494.2	0.922705	0.106249	11.515	2506	850
1498.36	0.922716	0.106249	11.5148	2435	850
1509.31	0.922716	0.106249	11.5148	2435	850
1524.31	0.922716	0.106249	11.5148	2435	850
1532.53	0.922716	0.106249	11.5148	2435	850
1536.23	0.922716	0.106249	11.5148	2435	850
1539.75	0.922716	0.106249	11.5148	2435	850
1543.98	0.922716	0.106249	11.5148	2435	850
1547.32	0.922716	0.106249	11.5148	2435	850
1550.86	0.922716	0.106249	11.5148	2435	850
1554.53	0.922716	0.106249	11.5148	2435	850
1557.85	0.922716	0.106249	11.5148	2435	850
1564.31	0.922716	0.106249	11.5148	2435	850
1570.68	0.922716	0.106249	11.5148	2435	850
1577.05	0.922716	0.106249	11.5148	2435	850
1583.27	0.922716	0.106249	11.5148	2435	850
1590.44	0.922716	0.106249	11.5148	2435	850
1594.09	0.922716	0.106249	11.5148	2435	850
1596.77	0.922716	0.106249	11.5148	2435	850
1599.55	0.922716	0.106249	11.5148	2435	850
1602.16	0.922716	0.106249	11.5148	2435	850
1604.85	0.922716	0.106249	11.5148	2435	850
1608.16	0.922716	0.106249	11.5148	2435	850
1612.14	0.922716	0.106249	11.5148	2435	850
1616.11	0.922716	0.106249	11.5148	2435	850
1620.11	0.922716	0.106249	11.5148	2435	850
1624.17	0.922716	0.106249	11.5148	2435	850
1624.95	0.922716	0.106249	11.5148	2435	850
