35.901	1.33105	0.0899993	6.76151	2875	720
50.73	1.33105	0.0899993	6.76151	2876	720
66.843	1.33105	0.0901243	6.7709	2870	721
84.546	1.33105	0.0901243	6.7709	2871	721
102.707	1.33105	0.0901243	6.7709	2864	721
121.217	1.33105	0.0901243	6.7709	2865	721
139.917	1.33598	0.0934992	6.99854	2890	748
148.266	1.33598	0.0934992	6.99854	2890	748
159.1	1.33598	0.0934992	6.99854	2890	748
170.84	1.33598	0.0934992	6.99854	2890	748
181.694	1.33598	0.0934992	6.99854	2890	748
192.777	1.33598	0.0934992	6.99854	2890	748
204.21	1.33598	0.0934992	6.99854	2890	748
207.092	1.33598	0.0934992	6.99854	2890	748
210.44	1.33598	0.0934992	6.99854	2890	748
213.211	1.33598	0.0934992	6.99854	2890	748
215.837	1.33598	0.0934992	6.99854	2890	748
219.326	1.33598	0.0934992	6.99854	2890	748
222.32	1.33598	0.0934992	6.99854	2890	748
225.087	1.33598	0.0934992	6.99854	2890	748
228.056	1.33598	0.0934992	6.99854	2890	748
233.469	1.33598	0.0934992	6.99854	2890	748
238.546	1.33598	0.0934992	6.99854	2890	748
243.198	1.33598	0.0934992	6.99854	2890	748
244.611	1.33598	0.0934992	6.99854	2890	748
246.443	1.33598	0.0934992	6.99854	2890	748
250.08	1.33598	0.0934992	6.99854	2890	748
260.504	1.33619	0.125374	9.38295	6130	1003
273.002	1.33619	0.125374	9.38295	2989	1003
286.478	1.33629	0.125374	9.38221	2998	1003
288.871	1.33629	0.125374	9.38221	2998	1003
291.154	1.33629	0.125374	9.38221	2998	1003
297.429	1.33629	0.125374	9.38221	2998	1003
311.1	1.33629	0.125374	9.38221	2998	1003
324.396	1.33629	0.125374	9.38221	2998	1003
333.758	1.33629	0.125374	9.38221	2998	1003
350.777	1.33629	0.125374	9.38221	2998	1003
366.76	1.33629	0.125374	9.38221	2998	1003
383.038	1.33629	0.125374	9.38221	2998	1003
394.556	1.33629	0.127874	9.5693	4300	1023
398.603	1.33629	0.127874	9.5693	4300	1023
402.2	1.33629	0.127874	9.5693	4300	1023
406.06	1.33629	0.127874	9.5693	4300	1023
409.889	1.33629	0.127874	9.5693	4300	1023
413.272	1.33629	0.127874	9.5693	4300	1023
417.096	1.33629	0.127874	9.5693	4300	1023
420.908	1.33629	0.127874	9.5693	4300	1023
424.571	1.33629	0.127874	9.5693	4300	1023
428.233	1.33629	0.127874	9.5693	4300	1023
432.013	1.33629	0.127874	9.5693	4300	1023
435.294	1.33629	0.127874	9.5693	4300	1023
438.629	1.33629	0.127874	9.5693	4300	1023
442.328	1.33629	0.127874	9.5693	4300	1023
446.04	1.33629	0.127874	9.5693	4300	1023
449.727	1.33629	0.127874	9.5693	4300	1023
453.501	1.33629	0.127874	9.5693	4300	1023
457.277	1.33629	0.127874	9.5693	4300	1023
460.582	1.33629	0.127874	9.5693	4300	1023
463.836	1.33629	0.127874	9.5693	4300	1023
471.92	1.33632	0.127874	9.56914	3203	1023
487.992	1.33632	0.127874	9.56914	3203	1023
495.728	1.33632	0.127874	9.56914	3203	1023
502.701	1.33632	0.127874	9.56914	3203	1023
508.7	1.33632	0.127874	9.56914	3203	1023
514.487	1.33632	0.127874	9.56914	3203	1023
520.289	1.33632	0.127874	9.56914	3203	1023
526.053	1.33632	0.127874	9.56914	3203	1023
532.391	1.33632	0.127874	9.56914	3203	1023
538.794	1.33632	0.127874	9.56914	3203	1023
545.111	1.33632	0.127874	9.56914	3203	1023
551.609	1.33632	0.127874	9.56914	3203	1023
557.694	1.33632	0.127874	9.56914	3203	1023
563.759	1.33632	0.127874	9.56914	3203	1023
570.071	1.33632	0.127874	9.56914	3203	1023
576.2	1.33632	0.127874	9.56914	3203	1023
582.267	1.33632	0.127874	9.56914	3203	1023
588.019	1.33632	0.127874	9.56914	3203	1023
593.691	1.33632	0.127874	9.56914	3203	1023
603.141	1.33632	0.127874	9.56914	3203	1023
613.26	1.33632	0.127874	9.56914	3203	1023
622.922	1.33632	0.127874	9.56914	3203	1023
632.897	1.33632	0.127874	9.56914	3203	1023
642.888	1.33632	0.127874	9.56914	3203	1023
653.27	1.33632	0.127874	9.56914	3203	1023
664.975	1.33632	0.127874	9.56914	3203	1023
676.231	1.33632	0.127874	9.56914	3203	1023
687.815	1.33632	0.127874	9.56914	3203	1023
699.392	1.33632	0.127874	9.56914	3203	1023
710.934	1.33632	0.127874	9.56914	3203	1023
722.328	1.33632	0.127874	9.56914	3203	1023
734.228	1.33632	0.127874	9.56914	3203	1023
748.48	1.33632	0.127874	9.56914	3203	1023
769.194	1.33632	0.127874	9.56914	3203	1023
793.162	1.33632	0.127874	9.56914	3203	1023
815.602	1.33632	0.127874	9.56914	3203	1023
828.212	1.33632	0.127874	9.56914	3203	1023
840.203	1.33632	0.127874	9.56914	3203	1023
852.935	1.33632	0.127874	9.56914	3203	1023
865.713	1.33632	0.127874	9.56914	3203	1023
878.517	1.33632	0.127874	9.56914	3203	1023
891.026	1.33632	0.127874	9.56914	3203	1023
904.014	1.33632	0.127874	9.56914	3203	1023
914.36	1.33632	0.127874	9.56914	3203	1023
925.268	1.33632	0.127874	9.56914	3203	1023
936.082	1.33632	0.127874	9.56914	3203	1023
946.341	1.33632	0.127874	9.56914	3203	1023
957.105	1.33632	0.127874	9.56914	3203	1023
976.617	1.34303	0.128999	9.60506	3244	1032
993.635	1.34303	0.128999	9.60506	3265	1032
1010.93	1.34303	0.128999	9.60506	3265	1032
1028.06	1.34303	0.128999	9.60506	3265	1032
1045.5	1.34303	0.128999	9.60506	3265	1032
1059.21	1.34303	0.128999	9.60506	3237	1032
1068.05	1.34303	0.128999	9.60506	3237	1032
1080.21	1.34303	0.128999	9.60506	3237	1032
1088.21	1.34303	0.128999	9.60506	3237	1032
1103.23	1.34303	0.128999	9.60506	3237	1032
1116.01	1.34303	0.128999	9.60506	3237	1032
1129.88	1.34303	0.128999	9.60506	3237	1032
1143.19	1.34303	0.128999	9.60506	3237	1032
1157.18	1.34303	0.128999	9.60506	3237	1032
1167.29	1.34303	0.128999	9.60506	3237	1032
1174.38	1.34303	0.128999	9.60506	3237	1032
1177.64	1.34303	0.128999	9.60506	3237	1032
1181.35	1.34303	0.128999	9.60506	3237	1032
1185.92	1.34303	0.128999	9.60506	3237	1032
1190.23	1.34303	0.128999	9.60506	3237	1032
1194.71	1.34303	0.128999	9.60506	3237	1032
1197.96	1.34303	0.128999	9.60506	3237	1032
1203.81	1.34303	0.128999	9.60506	3237	1032
1219.93	1.34303	0.128999	9.60506	3237	1032
1225.75	1.34303	0.128999	9.60506	3237	1032
1230.98	1.34303	0.128999	9.60506	3237	1032
1236.9	1.34303	0.128999	9.60506	3237	1032
1242.02	1.34303	0.128999	9.60506	3237	1032
1248.6	1.34303	0.128999	9.60506	3237	1032
1254.19	1.34303	0.128999	9.60506	3237	1032
1259.83	1.34303	0.128999	9.60506	3237	1032
1266.54	1.34303	0.128999	9.60506	3237	1032
1273.17	1.34303	0.128999	9.60506	3237	1032
1279.88	1.34303	0.128999	9.60506	3237	1032
1286.54	1.34303	0.128999	9.60506	3237	1032
1291.75	1.34303	0.128999	9.60506	3237	1032
1297.48	1.34303	0.128999	9.60506	3237	1032
1303.24	1.34303	0.128999	9.60506	3237	1032
1308.6	1.34303	0.128999	9.60506	3237	1032
1314.89	1.34303	0.128999	9.60506	3237	1032
1321.57	1.34303	0.128999	9.60506	3237	1032
1326.92	1.34303	0.128999	9.60506	3237	1032
1332.78	1.34303	0.128999	9.60506	3237	1032
1338.38	1.34303	0.128999	9.60506	3237	1032
1343.97	1.34303	0.128999	9.60506	3237	1032
1350.7	1.34303	0.128999	9.60506	3237	1032
1355.98	1.34303	0.128999	9.60506	3237	1032
1368.7	1.36546	0.129249	9.46557	3707	1034
1372.95	1.36546	0.129249	9.46557	3707	1034
1375.73	1.36546	0.129249	9.46557	3707	1034
1378.35	1.36546	0.129249	9.46557	3707	1034
1379.68	1.36546	0.129249	9.46557	3707	1034
1381.98	1.36546	0.129249	9.46557	3707	1034
1397.08	1.36546	0.129249	9.46557	3296	1034
1404.57	1.36546	0.129249	9.46557	3569	1034
1412.13	1.36546	0.129249	9.46557	3576	1034
1420.14	1.36554	0.129249	9.46508	3611	1034
1428.48	1.36554	0.129249	9.46508	3618	1034
1436.13	1.36554	0.129249	9.46508	3590	1034
1444.57	1.36563	0.129249	9.46442	3618	1034
1460.61	1.36563	0.129249	9.46442	3366	1034
1480.57	1.36563	0.129249	9.46442	3366	1034
1488.5	1.36563	0.129249	9.46442	3366	1034
1494.23	1.36563	0.129249	9.46442	3366	1034
1498.4	1.36563	0.129249	9.46442	3366	1034
1509.34	1.36563	0.129249	9.46442	3366	1034
1524.34	1.36563	0.129249	9.46442	3366	1034
1532.57	1.36563	0.129249	9.46442	3366	1034
1536.28	1.36563	0.129249	9.46442	3366	1034
1539.78	1.36563	0.129249	9.46442	3366	1034
1544.02	1.36563	0.129249	9.46442	3366	1034
1547.36	1.36563	0.129249	9.46442	3366	1034
1550.89	1.36563	0.129249	9.46442	3366	1034
1554.56	1.36563	0.129249	9.46442	3366	1034
1557.88	1.36563	0.129249	9.46442	3366	1034
1564.34	1.36563	0.129249	9.46442	3366	1034
1570.72	1.36563	0.129249	9.46442	3366	1034
1577.09	1.36563	0.129249	9.46442	3366	1034
1583.29	1.36563	0.129249	9.46442	3366	1034
1590.47	1.36563	0.129249	9.46442	3576	1034
1594.13	1.36563	0.129249	9.46442	3450	1034
1596.81	1.36563	0.129249	9.46442	3387	1034
1599.58	1.36563	0.129249	9.46442	3387	1034
1602.19	1.36563	0.129249	9.46442	3387	1034
1604.88	1.36563	0.129249	9.46442	3408	1034
1608.19	1.36563	0.129249	9.46442	3492	1034
1612.17	1.36563	0.129249	9.46442	3485	1034
1616.14	1.36563	0.129249	9.46442	3485	1034
1620.15	1.36563	0.129249	9.46442	3485	1034
1624.21	1.36563	0.129249	9.46442	3485	1034
1624.95	1.36563	0.129249	9.46442	3485	1034
