261.085	0.0661688	0.01525	23.0471	94	122
273.32	0.0661861	0.01525	23.0411	94	122
286.817	0.0667691	0.01525	22.8399	94	122
289.205	0.0667691	0.01525	22.8399	94	122
291.476	0.0667691	0.01525	22.8399	94	122
297.746	0.0672404	0.01575	23.4234	95	126
311.425	0.0672428	0.01575	23.4226	418	126
324.732	0.0672428	0.01575	23.4226	418	126
334.092	0.0672428	0.01575	23.4226	418	126
351.089	0.0672428	0.01575	23.4226	418	126
367.09	0.0672428	0.01575	23.4226	418	126
383.386	0.0672428	0.01575	23.4226	418	126
394.928	0.067275	0.017	25.2695	444	136
398.969	0.067275	0.017	25.2695	444	136
402.591	0.067275	0.017	25.2695	444	136
406.445	0.067275	0.017	25.2695	444	136
410.274	0.067275	0.017	25.2695	444	136
413.649	0.067275	0.017	25.2695	444	136
417.586	0.067275	0.017	25.2695	444	136
421.268	0.067275	0.017	25.2695	444	136
424.934	0.067275	0.017	25.2695	444	136
428.595	0.067275	0.017	25.2695	444	136
432.384	0.067275	0.017	25.2695	444	136
435.674	0.067275	0.017	25.2695	444	136
438.987	0.067275	0.017	25.2695	444	136
442.684	0.067275	0.017	25.2695	444	136
446.44	0.067275	0.017	25.2695	444	136
450.105	0.067275	0.017	25.2695	444	136
453.881	0.067275	0.017	25.2695	444	136
457.669	0.067275	0.017	25.2695	444	136
460.961	0.067275	0.017	25.2695	444	136
464.208	0.067275	0.017	25.2695	444	136
472.293	0.067275	0.017	25.2695	444	136
488.406	0.067275	0.017	25.2695	444	136
496.184	0.067275	0.017	25.2695	444	136
503.103	0.067275	0.017	25.2695	444	136
509.051	0.067275	0.017	25.2695	444	136
514.874	0.067275	0.017	25.2695	444	136
520.656	0.067275	0.017	25.2695	444	136
526.436	0.067275	0.017	25.2695	444	136
532.824	0.067275	0.017	25.2695	444	136
539.217	0.067275	0.017	25.2695	444	136
545.546	0.067275	0.017	25.2695	444	136
551.973	0.067275	0.017	25.2695	444	136
558.056	0.067275	0.017	25.2695	444	136
564.169	0.067275	0.017	25.2695	444	136
570.456	0.067275	0.017	25.2695	444	136
576.588	0.067275	0.017	25.2695	444	136
582.636	0.067275	0.017	25.2695	444	136
588.384	0.067275	0.017	25.2695	444	136
594.053	0.067275	0.017	25.2695	444	136
603.513	0.067275	0.017	25.2695	444	136
613.641	0.068259	0.017625	25.8208	537	141
623.303	0.0682682	0.017625	25.8173	544	141
633.281	0.0682682	0.017625	25.8173	551	141
643.288	0.0682682	0.017625	25.8173	544	141
653.678	0.068318	0.017625	25.7985	530	141
665.395	0.0683194	0.017625	25.798	558	141
676.64	0.0683194	0.017625	25.798	551	141
688.224	0.0683194	0.017625	25.798	530	141
699.8	0.0683424	0.017625	25.7893	544	141
711.38	0.0683445	0.017625	25.7885	544	141
722.75	0.0683445	0.017625	25.7885	537	141
734.645	0.0683778	0.017625	25.7759	544	141
749.85	0.0683866	0.017625	25.7726	530	141
769.62	0.0683866	0.017625	25.7726	530	141
793.588	0.0683866	0.017625	25.7726	530	141
816.013	0.0683866	0.017625	25.7726	530	141
828.634	0.0683866	0.017625	25.7726	530	141
840.644	0.0683866	0.017625	25.7726	530	141
853.375	0.0683866	0.017625	25.7726	530	141
866.157	0.0683866	0.017625	25.7726	530	141
878.953	0.0683866	0.017625	25.7726	530	141
891.46	0.0683866	0.017625	25.7726	530	141
904.434	0.0683866	0.017625	25.7726	530	141
914.786	0.0683866	0.017625	25.7726	530	141
925.701	0.0683866	0.017625	25.7726	530	141
936.556	0.0683866	0.017625	25.7726	530	141
946.772	0.0683866	0.017625	25.7726	530	141
957.533	0.0683866	0.017625	25.7726	530	141
977.032	0.0683866	0.017625	25.7726	530	141
994.072	0.0683866	0.017625	25.7726	530	141
1011.35	0.0683866	0.017625	25.7726	530	141
1028.46	0.0683866	0.017625	25.7726	530	141
1045.92	0.0683866	0.017625	25.7726	530	141
1059.65	0.0683866	0.017625	25.7726	530	141
1068.46	0.0683866	0.017625	25.7726	530	141
1080.65	0.0683866	0.017625	25.7726	530	141
1088.65	0.0683866	0.017625	25.7726	530	141
1103.7	0.0683866	0.017625	25.7726	530	141
1116.44	0.0683866	0.017625	25.7726	530	141
1130.31	0.0683866	0.017625	25.7726	530	141
1143.61	0.0683866	0.017625	25.7726	530	141
1157.61	0.0683866	0.017625	25.7726	530	141
1167.74	0.0683866	0.017625	25.7726	558	141
1174.83	0.0683866	0.017625	25.7726	467	141
1178.08	0.0683866	0.017625	25.7726	467	141
1181.82	0.0683866	0.017625	25.7726	467	141
1186.42	0.0683866	0.017625	25.7726	467	141
1190.7	0.0683866	0.017625	25.7726	467	141
1195.13	0.0683866	0.017625	25.7726	467	141
1198.39	0.0683866	0.017625	25.7726	467	141
1204.24	0.0683866	0.017625	25.7726	467	141
1220.35	0.0683866	0.017625	25.7726	467	141
1226.16	0.0683866	0.017625	25.7726	467	141
1231.82	0.0683866	0.017625	25.7726	467	141
1237.35	0.0683866	0.017625	25.7726	467	141
1242.45	0.0683866	0.017625	25.7726	467	141
1249.05	0.0683866	0.017625	25.7726	467	141
1254.62	0.0683866	0.017625	25.7726	467	141
1260.7	0.0683866	0.017625	25.7726	467	141
1266.96	0.0683866	0.017625	25.7726	467	141
1273.59	0.0683866	0.017625	25.7726	467	141
1280.29	0.0683866	0.017625	25.7726	467	141
1286.96	0.0683866	0.017625	25.7726	467	141
1292.18	0.0683866	0.017625	25.7726	467	141
1297.96	0.0683866	0.017625	25.7726	467	141
1303.71	0.0683866	0.017625	25.7726	467	141
1309.01	0.0683866	0.017625	25.7726	467	141
1315.31	0.0683866	0.017625	25.7726	467	141
1321.98	0.0683866	0.017625	25.7726	467	141
1327.34	0.0683866	0.017625	25.7726	467	141
1333.17	0.0683866	0.017625	25.7726	467	141
1338.84	0.0683866	0.017625	25.7726	467	141
1344.4	0.0683866	0.017625	25.7726	467	141
1351.14	0.0683866	0.017625	25.7726	467	141
1356.41	0.0683866	0.017625	25.7726	467	141
1369.14	0.0683866	0.017875	26.1382	453	143
1373.41	0.0683866	0.017875	26.1382	453	143
1376.17	0.0683866	0.017875	26.1382	453	143
1378.8	0.0683866	0.017875	26.1382	453	143
1380.14	0.0683866	0.017875	26.1382	453	143
1382.41	0.0683866	0.017875	26.1382	453	143
1397.48	0.0683866	0.020125	29.4283	460	161
1405	0.0683866	0.020125	29.4283	460	161
1412.55	0.0683866	0.020125	29.4283	460	161
1420.57	0.0683866	0.020125	29.4283	460	161
1428.93	0.0683866	0.020125	29.4283	460	161
1436.56	0.0683866	0.020125	29.4283	460	161
1445.06	0.0683866	0.020125	29.4283	460	161
1461.05	0.0683866	0.02075	30.3423	467	159
1481.05	0.0683866	0.02075	30.3423	467	159
1488.97	0.0683866	0.02075	30.3423	467	159
1494.7	0.0683866	0.02075	30.3423	467	159
1498.84	0.0683866	0.02075	30.3423	467	159
1509.79	0.0683866	0.02075	30.3423	467	159
1524.8	0.0683866	0.02075	30.3423	495	145
1533.04	0.0683866	0.02075	30.3423	530	145
1536.73	0.0683866	0.02075	30.3423	530	145
1540.26	0.0683866	0.02075	30.3423	530	145
1544.5	0.0683866	0.02075	30.3423	530	145
1547.82	0.0683866	0.02075	30.3423	530	145
1551.35	0.0683866	0.02075	30.3423	530	145
1555.02	0.0683866	0.02075	30.3423	530	145
1558.32	0.0683866	0.02075	30.3423	530	145
1564.78	0.0683866	0.02075	30.3423	530	145
1571.2	0.0683866	0.02075	30.3423	530	145
1577.59	0.0683866	0.02075	30.3423	530	145
1583.69	0.0683866	0.02075	30.3423	530	145
1590.88	0.0683866	0.02075	30.3423	530	145
1594.55	0.0683866	0.02075	30.3423	530	145
1597.24	0.0683866	0.02075	30.3423	530	145
1599.99	0.0683866	0.02075	30.3423	530	145
1602.61	0.0683866	0.02075	30.3423	530	145
1605.29	0.0683866	0.02075	30.3423	530	145
1608.61	0.0683866	0.02075	30.3423	530	145
1612.58	0.0683866	0.02075	30.3423	530	145
1616.56	0.0683866	0.02075	30.3423	530	145
1620.57	0.0683866	0.02075	30.3423	530	145
1624.62	0.0683866	0.02075	30.3423	530	145
1624.95	0.0683866	0.02075	30.3423	530	145
