33.45	1.06602	0.0712495	6.68367	4900	570
47.068	1.07953	0.0716245	6.63476	3122	573
61.524	1.09447	0.0727495	6.64701	3139	582
77.019	1.09847	0.0732495	6.66833	3389	586
93.358	1.10779	0.0739995	6.67993	3234	592
110.723	1.10822	0.0741245	6.68863	3018	593
128.652	1.10852	0.0748745	6.75444	3316	599
134.599	1.10852	0.0748745	6.75444	3316	599
136.039	1.10852	0.0766245	6.91231	2891	613
141.573	1.11238	0.0936242	8.41656	3442	749
148.362	1.11255	0.0989992	8.89842	3849	792
154.85	1.11255	0.0989992	8.89842	3555	792
161.139	1.11255	0.0989992	8.89842	3548	792
167.637	1.11255	0.0989992	8.89842	3555	792
174.264	1.11255	0.0989992	8.89842	3541	792
180.694	1.11255	0.0989992	8.89842	3556	792
187.191	1.11255	0.0989992	8.89842	3570	792
193.963	1.11255	0.0989992	8.89842	3571	792
200.481	1.11255	0.0989992	8.89842	3571	792
207.1	1.11985	0.0997492	8.9074	3571	798
214.113	1.11985	0.0997492	8.9074	3571	798
221.03	1.11985	0.0997492	8.9074	3571	798
228.037	1.11985	0.0997492	8.9074	3572	798
234.825	1.11985	0.0997492	8.9074	3578	798
241.741	1.11985	0.0997492	8.9074	3585	798
248.969	1.11985	0.100374	8.96321	3578	803
256.075	1.11985	0.100374	8.96321	3578	803
263.229	1.11985	0.100499	8.97438	3592	804
271.033	1.11985	0.100499	8.97438	3592	804
278.73	1.11985	0.100499	8.97438	3592	804
286.41	1.11985	0.100499	8.97438	3592	804
293.205	1.11985	0.100499	8.97438	3592	804
304.253	1.11985	0.100499	8.97438	3424	804
316.792	1.11985	0.100499	8.97438	3424	804
329.298	1.11985	0.100499	8.97438	3424	804
341.75	1.11985	0.100499	8.97438	3424	804
354.687	1.11985	0.100499	8.97438	3424	804
367.396	1.11985	0.100499	8.97438	3424	804
380.132	1.11985	0.100499	8.97438	3424	804
394.025	1.11985	0.100499	8.97438	3424	804
407.745	1.11985	0.100499	8.97438	3431	804
421.022	1.11985	0.100499	8.97438	3431	804
434.561	1.11985	0.100499	8.97438	3431	804
448.231	1.11985	0.100624	8.98554	3438	805
463.93	1.11985	0.100624	8.98554	3438	805
477.016	1.11985	0.100624	8.98554	3438	805
490.072	1.11985	0.100624	8.98554	3438	805
503.788	1.11985	0.100624	8.98554	3438	805
517.604	1.11985	0.100624	8.98554	3438	805
532.077	1.11985	0.100624	8.98554	3438	805
547.389	1.11985	0.100624	8.98554	3438	805
561.107	1.11985	0.100624	8.98554	3438	805
574.874	1.11985	0.100624	8.98554	3438	805
589.498	1.11985	0.100624	8.98554	3438	805
604.108	1.11985	0.100624	8.98554	3438	805
617.452	1.11985	0.100624	8.98554	3438	805
631.104	1.11985	0.100624	8.98554	3438	805
644.282	1.11985	0.100624	8.98554	3438	805
657.915	1.11985	0.100624	8.98554	3438	805
671.82	1.11985	0.100624	8.98554	3438	805
685.167	1.11985	0.100624	8.98554	3438	805
698.488	1.11985	0.100624	8.98554	3438	805
712.169	1.11985	0.100624	8.98554	3438	805
726.711	1.11985	0.100624	8.98554	3438	805
735.686	1.11985	0.100624	8.98554	3438	805
745.004	1.11985	0.100624	8.98554	3445	805
754.593	1.11985	0.100624	8.98554	3445	805
764.056	1.11985	0.100624	8.98554	3445	805
772.858	1.11985	0.100624	8.98554	3445	805
781.931	1.11985	0.100624	8.98554	3438	805
791.163	1.11985	0.100624	8.98554	3445	805
799.878	1.11985	0.100624	8.98554	3438	805
815.048	1.11985	0.100624	8.98554	3410	805
829.551	1.11985	0.100624	8.98554	3410	805
844.374	1.11985	0.100624	8.98554	3411	805
859.284	1.11985	0.100624	8.98554	3404	805
874.309	1.11985	0.100624	8.98554	3404	805
889.205	1.11985	0.100624	8.98554	3404	805
904.605	1.11985	0.100624	8.98554	3404	805
919.173	1.11985	0.100624	8.98554	3404	805
933.668	1.11985	0.100624	8.98554	3404	805
948.278	1.11985	0.100624	8.98554	3404	805
962.675	1.11985	0.100624	8.98554	3404	805
975.605	1.11985	0.100624	8.98554	3404	805
