21.538	0.0172099	0.00787499	45.7586	219	63
36.97	0.0204754	0.00812499	39.6816	220	65
52.244	0.024238	0.00824999	34.0374	246	66
69.947	0.0289819	0.008875	30.6226	305	71
87.75	0.0347918	0.009125	26.2274	347	73
105.175	0.0348001	0.009125	26.2212	379	73
121.968	0.0414813	0.009375	22.6005	366	75
140.684	0.0583948	0.010375	17.767	427	83
159.626	0.0584232	0.010375	17.7583	403	83
178.592	0.0801702	0.01125	14.0326	440	90
197.862	0.0801702	0.01125	14.0326	440	90
207.388	0.0801702	0.01125	14.0326	440	90
220.864	0.0801702	0.01125	14.0326	440	90
234.875	0.0801702	0.01125	14.0326	440	90
245.941	0.0801702	0.01125	14.0326	440	90
258.627	0.0801702	0.01125	14.0326	440	90
269.537	0.0801702	0.01125	14.0326	440	90
272.564	0.0801702	0.01125	14.0326	440	90
278.674	1.35184	0.02275	1.6829	748	182
284.942	1.35184	0.120749	8.93221	4022	966
291.491	1.35204	0.125499	9.28222	3402	1004
298.043	1.35204	0.125749	9.30071	3423	1006
304.71	1.35215	0.125874	9.30914	3433	1007
311.437	1.35215	0.129749	9.59573	3465	1038
318.492	1.35215	0.129749	9.59573	3526	1038
325.308	1.35215	0.129749	9.59573	3421	1038
332.318	1.35215	0.129749	9.59573	3429	1038
339.303	1.35215	0.129749	9.59573	3429	1038
346.479	1.35215	0.129749	9.59573	3429	1038
348.724	1.35215	0.129749	9.59573	3429	1038
350.702	1.35215	0.129749	9.59573	3429	1038
351.591	1.35215	0.129749	9.59573	3429	1038
353.525	1.35215	0.129749	9.59573	3429	1038
355.419	1.35215	0.129749	9.59573	3429	1038
361.726	1.35215	0.129749	9.59573	3429	1038
382.868	1.35215	0.129749	9.59573	3429	1038
404.557	1.35215	0.129749	9.59573	3429	1038
426.232	1.35215	0.129749	9.59573	3429	1038
448.399	1.35215	0.129749	9.59573	3429	1038
471.026	1.35215	0.135499	10.021	7138	1084
493.093	1.35229	0.135499	10.02	4166	1084
515.338	1.35229	0.135499	10.02	4149	1084
522.979	1.35229	0.136249	10.0755	4221	1090
540.628	1.35229	0.136249	10.0755	4221	1090
555.193	1.35229	0.136249	10.0755	4221	1090
570.624	1.35229	0.136249	10.0755	4221	1090
583.747	1.35229	0.136249	10.0755	4221	1090
597.307	1.35229	0.136249	10.0755	4221	1090
609.298	1.35229	0.136249	10.0755	4221	1090
620.635	1.35255	0.174251	12.8832	5442	1394
633.55	1.35255	0.174251	12.8832	5442	1394
646.358	1.35255	0.174251	12.8832	5442	1394
658.99	1.35255	0.174251	12.8832	5442	1394
672.423	1.35255	0.174251	12.8832	5442	1394
685.19	1.35255	0.174251	12.8832	5442	1394
697.26	1.35255	0.174251	12.8832	5442	1394
706.46	1.35255	0.174251	12.8832	5442	1394
721.061	1.35255	0.174251	12.8832	5442	1394
735.566	1.35255	0.174251	12.8832	5442	1394
749.355	1.35255	0.174251	12.8832	5442	1394
763.604	1.35255	0.174251	12.8832	5442	1394
777.776	1.35255	0.174251	12.8832	5442	1394
791.407	1.35255	0.174251	12.8832	5442	1394
805.125	1.35255	0.174251	12.8832	5442	1394
814.299	1.35255	0.174251	12.8832	5442	1394
824.385	1.35255	0.174251	12.8832	5442	1394
834.188	1.35255	0.174251	12.8832	5442	1394
843.364	1.35255	0.174251	12.8832	5442	1394
852.045	1.35255	0.174251	12.8832	5442	1394
860.077	1.35255	0.174251	12.8832	5442	1394
869.479	1.35255	0.174251	12.8832	5442	1394
878.167	1.35255	0.174251	12.8832	5442	1394
888.273	1.35255	0.174251	12.8832	5442	1394
898.103	1.35255	0.174251	12.8832	5442	1394
907.604	1.35255	0.174251	12.8832	5442	1394
916.168	1.35255	0.174251	12.8832	5442	1394
924.39	1.35255	0.174251	12.8832	5442	1394
932.752	1.35255	0.174251	12.8832	5442	1394
936.965	1.35255	0.174251	12.8832	5442	1394
