108.098	0.241995	0.012375	5.11374	180	99
123.075	0.323259	0.0185	5.72297	250	148
135.357	0.323259	0.0185	5.72297	250	148
148.277	0.323259	0.0185	5.72297	250	148
160.797	0.323259	0.0185	5.72297	250	148
165.306	0.323259	0.0185	5.72297	250	148
176.02	0.323259	0.0185	5.72297	250	148
186.255	0.323259	0.0185	5.72297	250	148
196.559	0.323259	0.0185	5.72297	250	148
198.907	0.323259	0.0185	5.72297	250	148
207.393	0.323259	0.0185	5.72297	250	148
218.351	1.35051	0.0355	2.62863	945	284
228.207	1.35051	0.0355	2.62863	945	284
232.253	1.35051	0.0355	2.62863	945	284
236.316	1.35051	0.0355	2.62863	945	284
254.521	1.35051	0.0355	2.62863	945	284
275.586	1.35051	0.0355	2.62863	945	284
284.952	1.35055	0.0449999	3.33196	1539	360
293.036	1.35102	0.0493748	3.65462	1534	395
307.374	1.35102	0.0493748	3.65462	1534	395
310.762	1.35102	0.0493748	3.65462	1534	395
313.737	1.35102	0.0493748	3.65462	1534	395
317.109	1.35102	0.0493748	3.65462	1534	395
324.995	1.35102	0.0493748	3.65462	1534	395
333.812	1.35102	0.0493748	3.65462	1534	395
342.672	1.35102	0.0493748	3.65462	1534	395
357.15	1.35102	0.0493748	3.65462	1534	395
371.882	1.35102	0.0493748	3.65462	1534	395
386.968	1.35102	0.0493748	3.65462	1534	395
390.265	1.35102	0.0493748	3.65462	1534	395
393.51	1.35102	0.0493748	3.65462	1534	395
399.783	1.35102	0.0493748	3.65462	1534	395
406.545	1.35102	0.0493748	3.65462	1534	395
413.176	1.35102	0.0493748	3.65462	1534	395
420.224	1.35102	0.0493748	3.65462	1534	395
427.265	1.35102	0.0493748	3.65462	1534	395
434.147	1.35102	0.0493748	3.65462	1534	395
444.234	1.35102	0.0493748	3.65462	1534	395
453.715	1.35102	0.0493748	3.65462	1534	395
471.024	1.35102	0.0493748	3.65462	1534	395
477.099	1.35102	0.0493748	3.65462	1534	395
483.524	1.35102	0.0493748	3.65462	1534	395
494.795	1.35102	0.0493748	3.65462	1534	395
505.209	1.35102	0.0493748	3.65462	1534	395
515.022	1.35102	0.0493748	3.65462	1534	395
517.569	1.35102	0.0493748	3.65462	1534	395
526.401	1.35102	0.0493748	3.65462	1534	395
535.107	1.35102	0.0493748	3.65462	1534	395
543.758	1.35102	0.0493748	3.65462	1534	395
552.441	1.35102	0.0493748	3.65462	1534	395
561.068	1.35102	0.0493748	3.65462	1534	395
568.737	1.35102	0.0493748	3.65462	1534	395
578.976	1.35102	0.0493748	3.65462	1534	395
599.887	1.35102	0.0493748	3.65462	1534	395
618.494	1.35102	0.0493748	3.65462	1534	395
630.246	1.35102	0.0583747	4.32078	1724	467
638.871	1.35102	0.0583747	4.32078	1724	467
645.495	1.35102	0.0583747	4.32078	1724	467
650.653	1.35102	0.0583747	4.32078	1724	467
656.647	1.35102	0.0583747	4.32078	1724	467
670.761	1.35102	0.0583747	4.32078	1724	467
677.278	1.35102	0.0583747	4.32078	1724	467
684.151	1.35102	0.0583747	4.32078	1724	467
690.755	1.35102	0.0583747	4.32078	1724	467
696.672	1.35102	0.0583747	4.32078	1724	467
702.361	1.35102	0.0583747	4.32078	1724	467
708.474	1.35102	0.0583747	4.32078	1724	467
714.249	1.35102	0.0583747	4.32078	1724	467
720.266	1.35102	0.0583747	4.32078	1724	467
726.566	1.35102	0.0583747	4.32078	1724	467
732.67	1.35102	0.0583747	4.32078	1724	467
738.351	1.35102	0.0583747	4.32078	1724	467
744.011	1.35102	0.0583747	4.32078	1724	467
750.202	1.35102	0.0583747	4.32078	1724	467
755.861	1.35102	0.0583747	4.32078	1724	467
761.543	1.35102	0.0583747	4.32078	1724	467
767.258	1.35102	0.0583747	4.32078	1724	467
773.341	1.35102	0.0583747	4.32078	1724	467
779.374	1.35102	0.0583747	4.32078	1724	467
785.18	1.35102	0.0583747	4.32078	1724	467
787.479	1.35102	0.0583747	4.32078	1724	467
796.997	1.35102	0.0583747	4.32078	1724	467
806.117	1.35102	0.0583747	4.32078	1724	467
819.393	1.35102	0.0583747	4.32078	1724	467
828.332	1.35102	0.0583747	4.32078	1724	467
837.88	1.35102	0.0583747	4.32078	1724	467
850.389	1.35128	0.0774994	5.73527	2098	620
867.331	1.35128	0.0774994	5.73527	2098	620
883.718	1.35128	0.0774994	5.73527	2098	620
889.571	1.35128	0.115499	8.54739	3177	924
892.976	1.35128	0.122249	9.04691	3931	978
896.362	1.35128	0.122249	9.04691	3341	978
899.608	1.35128	0.122249	9.04691	3353	978
902.576	1.35128	0.122249	9.04691	3353	978
922.198	1.35128	0.122249	9.04691	3353	978
941.161	1.35128	0.122249	9.04691	3353	978
948.957	1.35128	0.122249	9.04691	3353	978
963.263	1.35128	0.122249	9.04691	3353	978
977.917	1.35128	0.122249	9.04691	3353	978
994.408	1.35128	0.122249	9.04691	3353	978
1004.44	1.35128	0.122249	9.04691	3353	978
1013.22	1.35128	0.122249	9.04691	3353	978
1027.73	1.35128	0.123499	9.13942	3342	988
1041.25	1.35128	0.123499	9.13939	3356	988
1050.16	1.35423	0.141625	10.4579	4021	1133
1054.03	1.35423	0.146125	10.7902	3647	1169
1057.97	1.35438	0.146125	10.7891	3574	1169
1061.35	1.35452	0.147875	10.9171	3642	1183
1063.85	1.35452	0.148125	10.9356	3544	1185
1068.62	1.35455	0.15075	11.1291	4985	1206
1072.94	1.35455	0.15075	11.1291	3694	1206
1077.19	1.35455	0.15075	11.1291	3728	1206
1081.93	1.35459	0.15075	11.1289	3721	1206
1086.66	1.35459	0.15075	11.1289	3708	1206
1090.96	1.35463	0.15075	11.1285	3709	1206
1095.32	1.35463	0.15075	11.1285	3722	1206
1100.19	1.35463	0.15075	11.1285	3722	1206
1104.46	1.35463	0.15075	11.1285	3733	1206
1109.14	1.35463	0.15075	11.1285	3748	1206
1113.47	1.35463	0.15075	11.1285	3657	1206
1118.21	1.35463	0.15075	11.1285	3657	1206
1123.41	1.35463	0.15075	11.1285	3677	1206
1128.57	1.35463	0.15075	11.1285	3677	1206
1133.59	1.35463	0.15075	11.1285	3677	1206
1137.98	1.35463	0.15075	11.1285	3678	1206
1142.2	1.35463	0.15075	11.1285	3671	1206
1147.24	1.35463	0.15075	11.1285	3924	1206
1164.61	1.35463	0.15075	11.1285	3924	1206
1173.54	1.35463	0.15075	11.1285	3924	1206
1179.83	1.35463	0.15075	11.1285	3924	1206
1185.86	1.35463	0.15075	11.1285	3924	1206
1191.94	1.35463	0.15075	11.1285	3924	1206
1197.75	1.35463	0.15075	11.1285	3924	1206
1203.83	1.35463	0.15075	11.1285	3924	1206
1209.8	1.35463	0.15075	11.1285	3924	1206
1215.89	1.35463	0.15075	11.1285	3924	1206
1221.83	1.35463	0.15075	11.1285	3924	1206
1229.04	1.35463	0.15075	11.1285	3924	1206
1237.26	1.35463	0.15075	11.1285	3924	1206
1244.69	1.35463	0.15075	11.1285	3924	1206
1251.59	1.35463	0.15075	11.1285	3924	1206
1258.52	1.35463	0.15075	11.1285	3924	1206
1265.72	1.35463	0.15075	11.1285	3924	1206
1272.73	1.35463	0.15075	11.1285	3924	1206
1280.57	1.35463	0.15075	11.1285	3924	1206
1287.71	1.35463	0.15075	11.1285	3924	1206
1290.93	1.35463	0.15075	11.1285	3924	1206
1295.28	1.35463	0.15075	11.1285	3924	1206
1298.88	1.35463	0.15075	11.1285	3924	1206
1302.29	1.35463	0.15075	11.1285	3924	1206
1307.66	1.35463	0.15075	11.1285	3924	1206
1313.03	1.35463	0.15075	11.1285	3924	1206
1318.02	1.35463	0.15075	11.1285	3924	1206
1323.65	1.35463	0.15075	11.1285	3924	1206
1328.41	1.35463	0.15075	11.1285	3924	1206
1333.78	1.35463	0.15075	11.1285	3924	1206
1339.33	1.35463	0.15075	11.1285	3924	1206
1343.7	1.35463	0.15075	11.1285	3924	1206
1349.2	1.35463	0.15075	11.1285	3924	1206
1349.79	1.35463	0.15075	11.1285	3924	1206
