9.598	0.526726	0.0468748	8.89929	2018	375
18.553	0.52989	0.0468748	8.84614	1047	375
27.986	0.540826	0.0469998	8.69039	1266	376
39.058	0.546147	0.0469998	8.60572	1274	376
50.331	0.922901	0.0668746	7.24613	1589	535
57.359	0.922901	0.0668746	7.24613	1589	535
63.943	0.922901	0.0668746	7.24613	1589	535
70.81	0.922901	0.0668746	7.24613	1589	535
78.805	0.923449	0.0892493	9.66477	2365	714
87.637	0.923532	0.0896243	9.70451	2262	717
95.539	0.923537	0.0898743	9.73153	2167	719
107.943	0.923537	0.0898743	9.73153	2620	719
122.908	0.923537	0.0898743	9.73153	2336	719
135.161	0.923537	0.0898743	9.73153	2385	719
148.084	0.923537	0.0898743	9.73153	2350	719
160.635	0.923537	0.0898743	9.73153	2350	719
165.138	0.923537	0.0898743	9.73153	2350	719
175.854	0.923537	0.102999	11.1527	2571	824
186.087	0.923537	0.102999	11.1527	2424	824
196.372	0.923537	0.102999	11.1527	2424	824
198.733	0.923537	0.102999	11.1527	2424	824
207.233	0.923537	0.102999	11.1527	2424	824
218.17	0.923537	0.102999	11.1527	2424	824
228.04	0.923537	0.102999	11.1527	2424	824
232.079	0.923537	0.102999	11.1527	2424	824
236.142	0.923537	0.102999	11.1527	2424	824
254.325	0.923537	0.102999	11.1527	2424	824
275.314	0.923593	0.102999	11.152	2444	824
284.697	0.923593	0.102999	11.152	2444	824
292.776	0.923593	0.102999	11.152	2444	824
307.093	0.923593	0.102999	11.152	2444	824
310.432	0.923593	0.102999	11.152	2444	824
313.43	0.923593	0.102999	11.152	2444	824
316.749	0.923593	0.102999	11.152	2444	824
324.705	0.923593	0.102999	11.152	2444	824
333.537	0.923593	0.102999	11.152	2444	824
342.396	0.923593	0.102999	11.152	2444	824
356.869	0.923593	0.102999	11.152	2444	824
371.634	0.923593	0.102999	11.152	2444	824
386.72	0.923593	0.102999	11.152	2444	824
390.024	0.923593	0.102999	11.152	2444	824
393.266	0.923593	0.102999	11.152	2444	824
399.553	0.923593	0.102999	11.152	2444	824
406.294	0.923593	0.102999	11.152	2444	824
412.934	0.923593	0.102999	11.152	2444	824
419.982	0.923593	0.102999	11.152	2444	824
427.02	0.923593	0.102999	11.152	2444	824
433.907	0.923593	0.102999	11.152	2444	824
444.01	0.923593	0.115999	12.5595	2764	928
453.483	0.923593	0.116749	12.6407	2688	934
470.777	0.923593	0.116749	12.6407	2688	934
476.845	0.923593	0.116749	12.6407	2688	934
483.278	0.923593	0.116749	12.6407	2688	934
494.579	0.923593	0.116749	12.6407	2688	934
505.009	0.923593	0.116749	12.6407	2688	934
514.818	0.923593	0.116749	12.6407	2688	934
517.372	0.923593	0.116749	12.6407	2688	934
526.19	0.923593	0.116749	12.6407	2688	934
534.904	0.923593	0.116749	12.6407	2688	934
543.558	0.923593	0.116749	12.6407	2688	934
552.246	0.923593	0.116749	12.6407	2688	934
560.862	0.923593	0.117624	12.7355	2742	941
568.535	0.923626	0.117624	12.735	2700	941
578.762	0.923626	0.134624	14.5756	2894	1077
599.677	0.923626	0.134624	14.5756	2894	1077
618.282	0.923626	0.134624	14.5756	2894	1077
630.042	0.923626	0.134624	14.5756	2894	1077
638.662	0.923626	0.134624	14.5756	2894	1077
645.273	0.923626	0.134624	14.5756	2894	1077
650.445	0.923626	0.134624	14.5756	2894	1077
656.445	0.923626	0.134624	14.5756	2894	1077
670.51	0.923626	0.134624	14.5756	2747	1077
677.007	0.923626	0.134624	14.5756	2747	1077
683.888	0.923626	0.134624	14.5756	2747	1077
690.498	0.923626	0.134624	14.5756	2747	1077
696.433	0.923626	0.134624	14.5756	2747	1077
702.135	0.923626	0.134624	14.5756	2747	1077
708.229	0.923626	0.134624	14.5756	2747	1077
714.02	0.923626	0.134624	14.5756	2747	1077
720.026	0.923626	0.134624	14.5756	2747	1077
726.315	0.923626	0.134624	14.5756	2747	1077
732.421	0.923626	0.134624	14.5756	2747	1077
738.098	0.923626	0.134624	14.5756	2747	1077
743.773	0.923626	0.134624	14.5756	2747	1077
749.928	0.923626	0.134624	14.5756	2747	1077
755.633	0.923626	0.134624	14.5756	2747	1077
761.299	0.923626	0.134624	14.5756	2747	1077
767.023	0.923626	0.134624	14.5756	2747	1077
773.107	0.923626	0.134624	14.5756	2747	1077
779.138	0.923626	0.134624	14.5756	2747	1077
784.947	0.923626	0.134624	14.5756	2747	1077
787.249	0.923626	0.134624	14.5756	2747	1077
796.759	0.923626	0.134624	14.5756	2747	1077
805.889	0.923626	0.134624	14.5756	2747	1077
819.157	0.923626	0.134624	14.5756	2747	1077
828.101	0.923626	0.134624	14.5756	2747	1077
837.637	0.923626	0.134624	14.5756	2747	1077
850.144	0.923626	0.134624	14.5756	2747	1077
867.095	0.923626	0.134624	14.5756	2747	1077
883.483	0.923626	0.134624	14.5756	2747	1077
889.326	0.923626	0.134624	14.5756	2747	1077
892.75	0.923626	0.134624	14.5756	2747	1077
896.127	0.923626	0.134624	14.5756	2747	1077
899.378	0.923626	0.134624	14.5756	2747	1077
902.348	0.923626	0.134624	14.5756	2747	1077
921.935	0.923626	0.135499	14.6704	2917	1084
940.902	0.923626	0.135874	14.711	2921	1087
948.701	0.923626	0.135874	14.711	2921	1087
962.985	0.923626	0.137249	14.8598	3085	1098
977.64	0.923626	0.137499	14.8869	3074	1100
994.111	0.923626	0.138999	15.0493	3072	1112
1004.15	0.923626	0.138999	15.0493	3072	1112
1012.92	0.923626	0.138999	15.0493	3072	1112
1027.44	0.923626	0.138999	15.0493	3072	1112
1040.95	0.923626	0.138999	15.0493	3072	1112
1049.87	0.923626	0.138999	15.0493	3072	1112
1053.74	0.923626	0.138999	15.0493	3072	1112
1057.68	0.923626	0.138999	15.0493	3072	1112
1061.05	0.923626	0.138999	15.0493	3072	1112
1063.57	0.923626	0.138999	15.0493	3072	1112
1068.33	0.923626	0.138999	15.0493	3072	1112
1072.65	0.923626	0.138999	15.0493	3072	1112
1076.9	0.923626	0.138999	15.0493	3072	1112
1081.63	0.923626	0.138999	15.0493	3072	1112
1086.37	0.923626	0.138999	15.0493	3072	1112
1090.68	0.923626	0.138999	15.0493	3072	1112
1095.02	0.923626	0.138999	15.0493	3072	1112
1099.87	0.923626	0.138999	15.0493	3072	1112
1104.16	0.923626	0.138999	15.0493	3072	1112
1108.83	0.923626	0.138999	15.0493	3072	1112
1113.18	0.923626	0.138999	15.0493	3072	1112
1117.89	0.923626	0.138999	15.0493	3072	1112
1123.09	0.923626	0.138999	15.0493	3072	1112
1128.24	0.923626	0.138999	15.0493	3072	1112
1133.27	0.923626	0.138999	15.0493	3072	1112
1137.69	0.923626	0.138999	15.0493	3072	1112
1141.91	0.923626	0.138999	15.0493	3072	1112
1146.97	0.923626	0.138999	15.0493	3072	1112
1164.31	0.923626	0.139124	15.0629	3089	1113
1173.23	0.923626	0.139124	15.0629	3089	1113
1179.54	0.923626	0.139124	15.0629	3089	1113
1185.56	0.923626	0.139124	15.0629	3089	1113
1191.65	0.923626	0.139124	15.0629	3089	1113
1197.45	0.923626	0.139124	15.0629	3089	1113
1203.54	0.923626	0.139124	15.0629	3089	1113
1209.5	0.923626	0.139124	15.0629	3089	1113
1215.59	0.923626	0.139124	15.0629	3089	1113
1221.53	0.923626	0.139124	15.0629	3089	1113
1228.75	0.923626	0.139124	15.0629	3089	1113
1236.97	0.923626	0.139124	15.0629	3089	1113
1244.36	0.923626	0.139124	15.0629	3089	1113
1251.3	0.923626	0.139124	15.0629	3089	1113
1258.19	0.923626	0.139124	15.0629	3089	1113
1265.39	0.923626	0.139124	15.0629	3089	1113
1272.4	0.923626	0.139124	15.0629	3089	1113
1280.26	0.923626	0.139124	15.0629	3089	1113
1287.4	0.923626	0.139124	15.0629	3089	1113
1290.52	0.923626	0.139124	15.0629	3089	1113
1294.91	0.923626	0.139124	15.0629	3089	1113
1298.56	0.923626	0.139124	15.0629	3089	1113
1301.96	0.923626	0.139124	15.0629	3089	1113
1307.33	0.923626	0.139124	15.0629	3089	1113
1312.71	0.923626	0.139124	15.0629	3089	1113
1317.69	0.923626	0.139124	15.0629	3089	1113
1323.32	0.923626	0.139124	15.0629	3089	1113
1328.09	0.923626	0.139124	15.0629	3089	1113
1333.45	0.923626	0.139124	15.0629	3089	1113
1339.01	0.923626	0.139124	15.0629	3089	1113
1343.39	0.923626	0.139124	15.0629	3089	1113
1348.89	0.923626	0.139124	15.0629	3089	1113
1349.79	0.923626	0.139124	15.0629	3089	1113
