486.324	0.103163	0.012125	11.7533	191	97
497.334	0.106322	0.01525	14.3432	217	122
505.859	1.04918	0.021	2.00156	421	168
514.991	1.34298	0.0633746	4.71894	2471	507
533.376	1.34298	0.0633746	4.71894	2471	507
549.75	1.34298	0.0633746	4.71894	2471	507
566.787	1.34298	0.0633746	4.71894	2471	507
587.55	1.34298	0.0633746	4.71894	2471	507
596.641	1.34298	0.0633746	4.71894	2471	507
610.154	1.34298	0.0633746	4.71894	2471	507
622.307	1.34298	0.0633746	4.71894	2471	507
635.278	1.34298	0.0633746	4.71894	2471	507
648.189	1.34298	0.0633746	4.71894	2471	507
658.389	1.34298	0.0722495	5.37977	2557	578
674.007	1.34298	0.0864993	6.44083	2938	692
689.525	1.34302	0.0871243	6.48718	2894	697
697.019	1.34352	0.120624	8.97823	4356	965
704.231	1.3436	0.126499	9.41489	3563	1012
711.392	1.3436	0.126499	9.41489	3542	1012
718.554	1.3436	0.131374	9.77774	3544	1051
726.022	1.34712	0.15	11.1349	3680	1200
733.13	1.34712	0.15	11.1349	3653	1200
743.672	1.34712	0.15	11.1349	3653	1200
746.72	1.34712	0.15	11.1349	3653	1200
750.405	1.34712	0.15	11.1349	3653	1200
752.817	1.34712	0.15	11.1349	3653	1200
755.582	1.34712	0.15	11.1349	3653	1200
763.01	1.34712	0.15	11.1349	3653	1200
773.662	1.34712	0.15	11.1349	3653	1200
788.984	1.34712	0.15	11.1349	3653	1200
802.367	1.34712	0.15	11.1349	3653	1200
812.819	1.34712	0.15	11.1349	3653	1200
833.213	1.34712	0.15	11.1349	3653	1200
852.093	1.34712	0.15	11.1349	3653	1200
862.133	1.34712	0.15075	11.1905	3656	1206
871.736	1.34712	0.15075	11.1905	3656	1206
886.798	1.34712	0.15075	11.1905	3656	1206
895.718	1.34712	0.15075	11.1905	3656	1206
902.708	1.34712	0.15075	11.1905	3656	1206
920.107	1.34712	0.150875	11.1998	3549	1207
933.879	1.34712	0.150875	11.1998	3549	1207
947.331	1.34712	0.150875	11.1998	3549	1207
955.838	1.34712	0.150875	11.1998	3549	1207
965.787	1.34712	0.150875	11.1998	3549	1207
975.17	1.34712	0.150875	11.1998	3549	1207
984.986	1.34712	0.150875	11.1998	3549	1207
994.875	1.34712	0.150875	11.1998	3549	1207
1004.51	1.34712	0.150875	11.1998	3549	1207
1015.13	1.34712	0.150875	11.1998	3549	1207
1021.23	1.34712	0.155125	11.5153	4379	1241
1027.61	1.35273	0.161001	11.9019	3900	1288
1034.48	1.35413	0.162751	12.0189	3946	1302
1041.22	1.35413	0.162751	12.0189	3912	1302
1047.72	1.35479	0.162876	12.0222	3950	1303
1053.23	1.35479	0.163001	12.0314	4019	1304
1062.64	1.35479	0.163001	12.0314	4019	1304
1072.86	1.35479	0.163001	12.0314	4019	1304
1082.12	1.35479	0.163001	12.0314	4019	1304
1091.1	1.35479	0.163001	12.0314	4019	1304
1096.99	1.35479	0.173376	12.7972	4381	1387
1103.55	1.35479	0.174251	12.8618	3804	1394
1110.36	1.35481	0.174251	12.8616	3811	1394
1115.05	1.35481	0.174251	12.8616	3811	1394
1124.96	1.35481	0.174251	12.8616	3811	1394
1130.08	1.35487	0.178001	13.1379	4099	1424
1134.45	1.35487	0.178251	13.1563	3906	1426
1141.16	1.35487	0.178251	13.1563	4422	1426
1146.89	1.35487	0.178251	13.1563	4185	1426
1151.16	1.35487	0.178251	13.1563	4185	1426
1155.23	1.35487	0.178251	13.1563	4185	1426
1159.33	1.35487	0.178251	13.1563	4185	1426
1163.3	1.35487	0.178251	13.1563	4185	1426
1167.11	1.35487	0.178251	13.1563	4185	1426
1171.48	1.35487	0.178251	13.1563	4185	1426
1175.58	1.35487	0.178251	13.1563	4185	1426
1179.58	1.35487	0.178251	13.1563	4185	1426
1183.45	1.35487	0.178251	13.1563	4185	1426
1196.48	1.35487	0.178251	13.1563	4185	1426
1209.36	1.35487	0.178251	13.1563	4185	1426
1218.44	1.35487	0.178251	13.1563	4185	1426
1226.53	1.35487	0.178251	13.1563	4185	1426
1234.11	1.35487	0.178251	13.1563	4185	1426
1242.66	1.35487	0.178251	13.1563	4185	1426
1251.08	1.35487	0.178251	13.1563	4185	1426
1259.48	1.35487	0.178251	13.1563	4185	1426
1268.12	1.35487	0.178251	13.1563	4185	1426
1276.67	1.35487	0.178251	13.1563	4185	1426
1285.23	1.35487	0.178251	13.1563	4185	1426
1292.9	1.35487	0.178251	13.1563	4185	1426
1300.56	1.35487	0.178251	13.1563	4185	1426
1308.18	1.35487	0.178251	13.1563	4185	1426
1315.87	1.35487	0.178251	13.1563	4185	1426
1324.1	1.35487	0.178251	13.1563	4185	1426
1332.7	1.35487	0.178251	13.1563	4185	1426
1341.13	1.35487	0.178251	13.1563	4185	1426
1356.77	1.35487	0.178251	13.1563	4185	1426
1361.73	1.35487	0.178251	13.1563	4185	1426
1375.44	1.35487	0.178251	13.1563	4185	1426
1390.88	1.35487	0.178251	13.1563	4185	1426
1402.07	1.35487	0.178251	13.1563	4185	1426
1416.82	1.35487	0.178251	13.1563	4185	1426
1430.73	1.35487	0.178251	13.1563	4185	1426
1442.52	1.35487	0.178251	13.1563	4185	1426
1454.88	1.35487	0.178251	13.1563	4185	1426
1467.42	1.35487	0.178251	13.1563	4185	1426
1479.82	1.35487	0.178251	13.1563	4185	1426
1491.42	1.35487	0.178251	13.1563	4185	1426
1503.84	1.35487	0.178251	13.1563	4185	1426
1515.31	1.35487	0.178251	13.1563	4185	1426
1523.65	1.35487	0.178251	13.1563	4185	1426
1523.65	1.35487	0.178251	13.1563	4185	1426
