103.438	0.594425	0.013375	2.25008	230	107
114.968	0.617802	0.013625	2.2054	267	109
123.561	0.908334	0.030625	3.37156	1158	245
131.237	0.908334	0.030625	3.37156	1158	245
138.819	0.908334	0.030625	3.37156	1158	245
147.393	0.908334	0.030625	3.37156	1158	245
156.147	0.908334	0.030625	3.37156	1158	245
163.963	0.908334	0.030625	3.37156	1158	245
170.662	0.908334	0.030625	3.37156	1158	245
175.29	0.908334	0.030625	3.37156	1158	245
183.657	0.908334	0.030625	3.37156	1158	245
197.132	0.908334	0.030625	3.37156	1158	245
211.057	0.908334	0.030625	3.37156	1158	245
224.76	0.908334	0.030625	3.37156	1158	245
239.908	0.908334	0.030625	3.37156	1158	245
254.932	0.908334	0.030625	3.37156	1158	245
269.492	0.908334	0.030625	3.37156	1158	245
280.237	0.908334	0.030625	3.37156	1158	245
286.585	0.908334	0.030625	3.37156	1158	245
293.789	0.908334	0.030625	3.37156	1158	245
302.469	0.917931	0.0573747	6.25044	1899	459
309.554	0.917931	0.0573747	6.25044	1722	459
324.773	0.917931	0.0573747	6.25044	1722	459
333.524	0.922455	0.100499	10.8948	2372	804
340.524	0.922459	0.100499	10.8947	1927	769
347.728	0.923494	0.101874	11.0314	2060	773
354.026	0.923497	0.101999	11.0449	1927	774
361.062	0.923579	0.101999	11.0439	2063	774
368.098	0.923581	0.101999	11.0439	2063	774
375.128	0.923581	0.101999	11.0439	2063	774
381.553	0.923581	0.102124	11.0574	2063	775
387.611	0.923581	0.102124	11.0574	1930	775
395.316	0.923607	0.102374	11.0842	2063	777
401.363	0.923607	0.102374	11.0842	1930	777
408.543	0.923618	0.102374	11.084	2063	777
415.496	0.923618	0.102374	11.084	2063	777
422.513	0.923618	0.102374	11.084	2063	777
428.816	0.923618	0.102374	11.084	1986	777
435.086	0.923618	0.102874	11.1382	1930	781
441.345	0.923618	0.102874	11.1382	1930	781
447.594	0.923618	0.102874	11.1382	1930	781
453.743	0.923618	0.102874	11.1382	1930	781
462.328	0.923618	0.102999	11.1517	2063	782
468.28	0.923618	0.102999	11.1517	1930	782
476.655	0.923618	0.102999	11.1517	2063	782
486.161	0.923618	0.102999	11.1517	2063	782
497.169	0.923618	0.102999	11.1517	2063	782
505.677	0.923618	0.102999	11.1517	2063	782
514.814	0.923618	0.102999	11.1517	2063	782
533.181	0.923618	0.102999	11.1517	1932	810
549.534	0.923618	0.102999	11.1517	1953	810
566.544	0.923618	0.102999	11.1517	1932	810
587.348	0.923618	0.105874	11.463	1969	833
596.433	0.923618	0.105874	11.463	1969	833
609.908	0.923618	0.105874	11.463	1969	833
622.074	0.923618	0.105874	11.463	1969	833
635.039	0.923618	0.105874	11.463	1969	833
647.965	0.923618	0.105874	11.463	1969	833
658.151	0.923618	0.105874	11.463	1969	833
673.721	0.923618	0.105874	11.463	1969	833
689.237	0.923618	0.105874	11.463	1969	833
696.734	0.923618	0.105874	11.463	1969	833
703.959	0.923618	0.105874	11.463	1969	833
711.126	0.923618	0.105874	11.463	1969	833
718.285	0.923618	0.105874	11.463	1969	833
725.764	0.923618	0.105874	11.463	1969	833
732.869	0.923618	0.105874	11.463	1969	833
743.469	0.923618	0.105874	11.463	1969	833
746.515	0.923618	0.105874	11.463	1969	833
750.2	0.923618	0.105874	11.463	1969	833
752.621	0.923618	0.105874	11.463	1969	833
755.378	0.923618	0.105874	11.463	1969	833
762.799	0.923618	0.105874	11.463	1969	833
773.454	0.923618	0.105874	11.463	1969	833
788.801	0.923618	0.106124	11.49	1998	821
802.182	0.923618	0.106374	11.5171	2047	823
812.636	0.923618	0.107874	11.6795	2204	814
832.973	0.923618	0.107874	11.6795	2204	814
851.859	0.923618	0.107874	11.6795	2204	814
861.899	0.923618	0.107874	11.6795	2204	814
871.499	0.923618	0.109624	11.869	2130	842
886.553	0.923618	0.109624	11.869	2130	842
895.461	0.923625	0.110499	11.9636	2061	807
902.459	0.923625	0.110499	11.9636	1928	807
919.856	0.923625	0.110499	11.9636	1928	807
933.579	0.923625	0.110499	11.9636	1928	807
947.055	0.923625	0.110499	11.9636	1928	807
955.597	0.923625	0.110499	11.9636	1928	807
965.552	0.923625	0.110499	11.9636	1928	807
974.984	0.923625	0.110499	11.9636	1928	807
984.785	0.923625	0.110499	11.9636	1928	807
994.686	0.923625	0.110499	11.9636	1928	807
1004.31	0.923625	0.110499	11.9636	1928	807
1014.93	0.923625	0.110499	11.9636	1928	807
1021.02	0.923625	0.110499	11.9636	1928	807
1027.41	0.923625	0.110499	11.9636	1928	807
1034.28	0.923625	0.110499	11.9636	1928	807
1040.98	0.923625	0.110499	11.9636	1928	807
1047.52	0.923625	0.110499	11.9636	1928	807
1053.04	0.923625	0.110499	11.9636	1928	807
1062.44	0.923625	0.110499	11.9636	1928	807
1072.65	0.923625	0.110499	11.9636	1928	807
1081.91	0.923625	0.110499	11.9636	1928	807
1090.88	0.923625	0.110499	11.9636	1928	807
1096.78	0.923625	0.110499	11.9636	1928	807
1103.35	0.923625	0.110499	11.9636	1928	807
1110.14	0.923625	0.110499	11.9636	1928	807
1114.83	0.923625	0.110499	11.9636	1928	807
1124.75	0.923625	0.110499	11.9636	1928	807
1129.87	0.923625	0.110499	11.9636	1928	807
1134.24	0.923625	0.110499	11.9636	1928	807
1140.93	0.923625	0.110499	11.9636	1928	807
1146.68	0.923625	0.110499	11.9636	1928	807
1150.95	0.923625	0.110499	11.9636	1928	807
1155.01	0.923625	0.110499	11.9636	1928	807
1159.12	0.923625	0.110499	11.9636	1928	807
1163.09	0.923625	0.110499	11.9636	1928	807
1166.91	0.923625	0.110499	11.9636	1928	807
1171.23	0.923625	0.110499	11.9636	1928	807
1175.38	0.923625	0.110499	11.9636	1928	807
1179.36	0.923625	0.110499	11.9636	1928	807
1183.24	0.923625	0.110499	11.9636	1928	807
1196.25	0.923625	0.110499	11.9636	1928	807
1209.11	0.923625	0.110499	11.9636	1928	807
1218.21	0.923625	0.110499	11.9636	1928	807
1226.31	0.923625	0.110499	11.9636	1928	807
1233.9	0.923625	0.110499	11.9636	1928	807
1242.46	0.923625	0.110499	11.9636	1928	807
1250.87	0.923625	0.110499	11.9636	1928	807
1259.27	0.923625	0.110499	11.9636	1928	807
1267.91	0.923625	0.110499	11.9636	1928	807
1276.46	0.923625	0.110499	11.9636	1928	807
1285.03	0.923625	0.110499	11.9636	1928	807
1292.7	0.923625	0.110499	11.9636	1928	807
1300.35	0.923625	0.110499	11.9636	1928	807
1307.97	0.923625	0.110499	11.9636	1928	807
1315.65	0.923625	0.110499	11.9636	1928	807
1323.87	0.923625	0.110499	11.9636	1928	807
1332.45	0.923625	0.110499	11.9636	1928	807
1340.91	0.923625	0.110499	11.9636	1928	807
1356.55	0.923625	0.110499	11.9636	1928	807
1361.54	0.923625	0.110499	11.9636	1928	807
1375.23	0.923625	0.110874	12.0042	2075	824
1390.67	0.923625	0.110999	12.0178	2075	818
1401.86	0.923625	0.110999	12.0178	2075	818
1416.62	0.923625	0.110999	12.0178	1956	783
1430.53	0.923625	0.110999	12.0178	1956	783
1442.33	0.923625	0.110999	12.0178	1935	783
1454.71	0.923625	0.110999	12.0178	1956	783
1467.24	0.92363	0.110999	12.0177	1956	783
1479.64	0.92363	0.110999	12.0177	1956	783
1491.24	0.92363	0.110999	12.0177	1935	783
1503.67	0.923636	0.110999	12.0176	1956	783
1515.13	0.923636	0.110999	12.0176	1935	783
1523.65	0.923636	0.110999	12.0176	1956	783
1523.65	0.923636	0.110999	12.0176	1935	783
